$MeshFormat
4.1 0 8
$EndMeshFormat
$Entities
29 44 23 1
1 9.5249968758548 0.00771459372039817 -25.4 0 
2 9.525 1.18952479823457e-16 -25.4 0 
3 13.8634439118792 0.0112284380498631 -15.8488233122954 0 
4 -13.861283839787 2.12619529234206e-06 -15.8488233122954 0 
5 13.8634484590105 1.73132973554224e-16 -15.8488233122954 0 
6 13.8634484590105 1.73132973554224e-16 15.8488233122954 0 
7 9.525 1.18952479823457e-16 25.4 0 
8 13.8634439118792 0.0112284380498631 15.8488233122954 0 
9 9.5249968758548 0.00771459372039817 25.4 0 
10 2.50685406125609e-15 -20.4700168489515 4.935464898430601 0 
11 -20.4700168489515 -2.50685406125609e-15 4.935464898430601 0 
12 -2.29873552080753e-15 -18.7706 5.55111512312578e-16 0 
13 -19.9084966675035 -2.4380876719694e-15 6.858000000000001 0 
14 -25.5217338015735 -3.12551096087878e-15 8.4328 0 
15 -19.2942553035871 -2.36286479994698e-15 8.4328 0 
16 -42.7937338015735 5.24072091236609e-15 6.858000000000001 0 
17 -42.7937338015735 -5.24072091236609e-15 19.05 0 
18 -25.5217338015735 -3.12551096087878e-15 19.05 0 
19 -13.861283839787 2.12619529234206e-06 15.8488233122954 0 
20 -19.2942553035871 -2.36286479994698e-15 -8.4328 0 
21 -25.5217338015735 -3.12551096087878e-15 -19.05 0 
22 -25.5217338015735 -3.12551096087878e-15 -8.4328 0 
23 -42.7937338015735 -5.24072091236609e-15 -19.05 0 
24 -42.7937338015735 5.24072091236609e-15 -6.858000000000001 0 
25 -19.9084966675035 -2.4380876719694e-15 -6.858000000000001 0 
26 -20.4700168489515 -2.50685406125609e-15 -4.935464898430601 0 
27 2.50685406125609e-15 -20.4700168489515 -4.935464898430601 0 
28 -1.13381474605459e-15 -1.38852259958183e-31 18.5166 0 
29 -1.13381474605459e-15 -1.38852259958183e-31 -18.5166 0 
1 -9.527998213666367 -9.527998213666367 -25.40299821366636 9.527998213666367 9.527998213666367 -25.39700178633363 0 2 1 -2 
2 9.522909878423938 0.005627596289501519 -25.4020869974309 13.86553090931009 0.0133154354807597 -15.84673631486458 0 2 3 -1 
3 -13.86743396640956 -0.004963253872966256 -15.85570650015606 13.86840929194746 13.89903767979752 -15.84385793222714 0 2 3 -4 
4 -13.87044926998329 -13.88766038763269 -15.86023202652599 13.87261388920679 0.009167556391584952 -15.83965784745701 0 2 4 -5 
5 9.524982312913002 -1.768708699044754e-05 -25.400017687087 13.8634661460975 1.768708701431933e-05 -15.8488056252084 0 2 5 -2 
6 9.524982312913007 -1.768708699352359e-05 15.84880562520841 13.86346614609749 1.768708699271449e-05 25.40001768708699 0 2 6 -7 
7 13.8634438118792 -1.000000002544105e-07 15.8488232122954 13.8634485590105 0.011228538049863 15.8488234122954 0 2 6 -8 
8 9.522909878423938 0.005627596289501519 15.84673631486458 13.86553090931009 0.0133154354807597 25.4020869974309 0 2 8 -9 
9 9.524996775854802 -9.99999999998398e-08 25.3999999 9.5250001 0.007714693720398172 25.4000001 0 2 7 -9 
10 -20.4700169489515 -20.4700169489515 4.9354647984306 20.4700169489515 20.4700169489515 4.935464998430601 0 2 10 -11 
11 -1.000000025068541e-07 -20.47001694895156 -1.000000109385724e-07 9.999999770126446e-08 -18.77059990000003 4.935464998430581 0 2 10 -12 
12 -18.7706001 -18.7706001 -1e-07 18.7706001 18.7706001 1e-07 0 2 12 -12 
13 -20.4700169489515 -20.4700169489515 4.9354647984306 9.999999761589606e-08 9.999999583953922e-08 4.935464998430601 0 2 11 -10 
14 -19.9084967675035 -19.9084967675035 6.8579999 19.9084967675035 19.9084967675035 6.858000100000001 0 2 13 -13 
15 -20.47001694895153 -1.000000025068541e-07 4.935464798430619 -19.90849656750355 9.999999756191232e-08 6.858000100000019 0 2 13 -11 
16 -25.5217339015735 -25.5217339015735 8.432799900000001 25.5217339015735 25.5217339015735 8.4328001 0 2 14 -14 
17 -19.2942554035871 -19.2942554035871 8.432799900000001 19.2942554035871 19.2942554035871 8.4328001 0 2 15 -15 
18 -42.7937339015735 -42.7937339015735 6.8579999 42.7937339015735 42.7937339015735 6.858000100000001 0 2 16 -16 
19 -42.7937339015735 -42.7937339015735 19.0499999 42.7937339015735 42.7937339015735 19.0500001 0 2 17 -17 
20 -42.7937339015735 -1.000000052407209e-07 6.8579999 -42.7937337015735 9.999999475927908e-08 19.0500001 0 2 17 -16 
21 -25.5217339015735 -25.5217339015735 19.0499999 25.5217339015735 25.5217339015735 19.0500001 0 2 18 -18 
22 -25.5217339015735 -1.00000003125511e-07 8.432799900000001 -25.5217337015735 9.999999687448904e-08 19.0500001 0 2 18 -14 
23 -9.527998213666367 -9.527998213666367 25.39700178633363 9.527998213666367 9.527998213666367 25.40299821366636 0 2 9 -7 
24 -13.86743396640956 -0.004963253872966256 15.84385793222714 13.86840929194746 13.89903767979752 15.85570650015606 0 2 8 -19 
25 -13.87044926998329 -13.88766038763269 15.83965784745701 13.87261388920679 0.009167556391584952 15.86023202652599 0 2 19 -6 
26 -19.29425540358712 -1.000000023628648e-07 8.432799900000019 -13.86222192790776 9.999999830236742e-08 15.84989612517912 0 2 19 -15 
27 9.524996775854802 -9.99999999998398e-08 -25.4000001 9.5250001 0.007714693720398172 -25.3999999 0 2 2 -1 
28 -19.29425540358712 -1.000000023628648e-07 -15.84989612517912 -13.86222192790776 9.999999830236742e-08 -8.432799900000019 0 2 4 -20 
29 -19.2942554035871 -19.2942554035871 -8.4328001 19.2942554035871 19.2942554035871 -8.432799900000001 0 2 20 -20 
30 13.8634438118792 -1.000000002544105e-07 -15.8488234122954 13.8634485590105 0.011228538049863 -15.8488232122954 0 2 5 -3 
31 -25.5217339015735 -1.00000003125511e-07 -19.0500001 -25.5217337015735 9.999999687448904e-08 -8.432799900000001 0 2 21 -22 
32 -25.5217339015735 -25.5217339015735 -8.4328001 25.5217339015735 25.5217339015735 -8.432799900000001 0 2 22 -22 
33 -25.5217339015735 -25.5217339015735 -19.0500001 25.5217339015735 25.5217339015735 -19.0499999 0 2 21 -21 
34 -42.7937339015735 -42.7937339015735 -19.0500001 42.7937339015735 42.7937339015735 -19.0499999 0 2 23 -23 
35 -42.7937339015735 -1.000000052407209e-07 -19.0500001 -42.7937337015735 9.999999475927908e-08 -6.8579999 0 2 23 -24 
36 -42.7937339015735 -42.7937339015735 -6.858000100000001 42.7937339015735 42.7937339015735 -6.8579999 0 2 24 -24 
37 -19.9084967675035 -19.9084967675035 -6.858000100000001 19.9084967675035 19.9084967675035 -6.8579999 0 2 25 -25 
38 -20.47001694895153 -1.000000025068541e-07 -6.858000100000019 -19.90849656750355 9.999999756191232e-08 -4.935464798430619 0 2 25 -26 
39 -20.4700169489515 -20.4700169489515 -4.935464998430601 20.4700169489515 20.4700169489515 -4.9354647984306 0 2 27 -26 
40 -20.4700169489515 -20.4700169489515 -4.935464998430601 9.999999761589606e-08 9.999999583953922e-08 -4.9354647984306 0 2 26 -27 
41 -1.000000025068541e-07 -20.47001694895156 -4.935464998430581 9.999999770126446e-08 -18.77059990000003 1.000000113826616e-07 0 2 27 -12 
42 -1.000000000076633e-07 -1.000000011401939e-07 18.5165999 1.000000022752928e-07 1.000000011401939e-07 18.5166001 0 2 28 -28 
43 -18.5166001 -1.000000022676295e-07 -18.5166001 1.000000029449666e-07 1e-07 18.5166001 0 2 28 -29 
44 -1.000000022752928e-07 -1.000000011401939e-07 -18.5166001 1.000000000076633e-07 1.000000011401939e-07 -18.5165999 0 2 29 -29 
1 -14.3336533726498 -14.144585926001 -25.4000001 13.8634485590105 13.9771327649146 -15.8488232122954 0 5 -1 -2 3 4 5 
2 9.524996775854801 -1.00000000555385e-07 15.8488232122954 13.8634485590105 0.011228538049863 25.4000001 0 4 -6 7 8 -9 
3 -20.47001694895156 -20.47001694895156 -1.000000113826616e-07 20.47001694895156 20.47001694895156 4.935464998430581 0 5 -10 11 -12 -11 -13 
4 -20.47001694895153 -20.47001694895153 4.935464798430605 20.47001694895153 20.47001694895153 6.858000100000022 0 5 -14 15 13 10 -15 
5 -25.5217339015735 -25.5217339015735 8.432799900000001 25.5217339015735 25.5217339015735 8.4328001 0 2 16 -17 
6 -42.7937339015735 -42.7937339015735 6.8579999 42.7937339015735 42.7937339015735 6.858000100000001 0 2 18 14 
7 -42.7937339015735 -42.7937339015735 6.8579999 42.7937339015735 42.7937339015735 19.0500001 0 4 -19 20 -18 -20 
8 -42.7937339015735 -42.7937339015735 19.0499999 42.7937339015735 42.7937339015735 19.0500001 0 2 19 -21 
9 -25.5217339015735 -25.5217339015735 8.432799900000001 25.5217339015735 25.5217339015735 19.0500001 0 4 22 16 -22 -21 
10 -14.3336533726498 -14.144585926001 15.8488232122954 13.8634485590105 13.9771327649146 25.4000001 0 5 6 -23 -8 24 25 
11 -19.29425540358713 -19.29425540358713 8.432799900000006 19.29425540358713 19.29425540358713 15.85203705191911 0 6 -24 -7 -25 26 17 -26 
12 -9.527998213666367 -9.527998213666367 25.39700178633363 9.527998213666367 9.527998213666367 25.40299821366636 0 2 23 9 
13 -9.527998213666367 -9.527998213666367 -25.40299821366636 9.527998213666367 9.527998213666367 -25.39700178633363 0 2 27 1 
14 -19.29425540358713 -19.29425540358713 -15.85158287341422 19.29425540358713 19.29425540358713 -8.432799900000006 0 6 3 28 -29 -28 4 30 
15 9.524996775854801 -1.00000000555385e-07 -25.4000001 13.8634485590105 0.011228538049863 -15.8488232122954 0 4 30 2 -27 -5 
16 -25.5217339015735 -25.5217339015735 -19.0500001 25.5217339015735 25.5217339015735 -8.432799900000001 0 4 31 -32 -31 33 
17 -42.7937339015735 -42.7937339015735 -19.0500001 42.7937339015735 42.7937339015735 -19.0499999 0 2 34 -33 
18 -42.7937339015735 -42.7937339015735 -19.0500001 42.7937339015735 42.7937339015735 -6.8579999 0 4 34 35 36 -35 
19 -42.7937339015735 -42.7937339015735 -6.858000100000001 42.7937339015735 42.7937339015735 -6.8579999 0 2 36 37 
20 -25.5217339015735 -25.5217339015735 -8.4328001 25.5217339015735 25.5217339015735 -8.432799900000001 0 2 32 -29 
21 -20.47001694895153 -20.47001694895153 -6.858000100000022 20.47001694895153 20.47001694895153 -4.935464798430605 0 5 37 38 -39 -40 -38 
22 -20.47001694895156 -20.47001694895156 -4.935464998430581 20.47001694895156 20.47001694895156 1.000000113826616e-07 0 5 39 40 41 12 -41 
23 -18.5166001 -18.5166001 -18.5166001 18.5166001 18.5166001 18.5166001 0 4 42 43 44 -43 
1 -42.79673201523987 -42.79673201523987 -25.40299821366636 42.79673201523987 42.79673201523987 25.40299821366636 0 22 -1 2 3 4 5 6 7 8 -9 10 11 12 -13 14 -15 -16 -17 18 -19 -20 21 22 
$EndEntities
$Nodes
97 546 1 546
0 1 0 1
1
9.5249968758548 0.00771459372039817 -25.4
0 2 0 1
2
9.525 1.18952479823457e-16 -25.4
0 3 0 1
3
13.8634439118792 0.0112284380498631 -15.8488233122954
0 4 0 1
4
-13.861283839787 2.12619529234206e-06 -15.8488233122954
0 5 0 1
5
13.8634484590105 1.73132973554224e-16 -15.8488233122954
0 6 0 1
6
13.8634484590105 1.73132973554224e-16 15.8488233122954
0 7 0 1
7
9.525 1.18952479823457e-16 25.4
0 8 0 1
8
13.8634439118792 0.0112284380498631 15.8488233122954
0 9 0 1
9
9.5249968758548 0.00771459372039817 25.4
0 10 0 1
10
2.50685406125609e-15 -20.4700168489515 4.935464898430601
0 11 0 1
11
-20.4700168489515 -2.50685406125609e-15 4.935464898430601
0 12 0 1
12
-2.29873552080753e-15 -18.7706 5.55111512312578e-16
0 13 0 1
13
-19.9084966675035 -2.4380876719694e-15 6.858000000000001
0 14 0 1
14
-25.5217338015735 -3.12551096087878e-15 8.4328
0 15 0 1
15
-19.2942553035871 -2.36286479994698e-15 8.4328
0 16 0 1
16
-42.7937338015735 5.24072091236609e-15 6.858000000000001
0 17 0 1
17
-42.7937338015735 -5.24072091236609e-15 19.05
0 18 0 1
18
-25.5217338015735 -3.12551096087878e-15 19.05
0 19 0 1
19
-13.861283839787 2.12619529234206e-06 15.8488233122954
0 20 0 1
20
-19.2942553035871 -2.36286479994698e-15 -8.4328
0 21 0 1
21
-25.5217338015735 -3.12551096087878e-15 -19.05
0 22 0 1
22
-25.5217338015735 -3.12551096087878e-15 -8.4328
0 23 0 1
23
-42.7937338015735 -5.24072091236609e-15 -19.05
0 24 0 1
24
-42.7937338015735 5.24072091236609e-15 -6.858000000000001
0 25 0 1
25
-19.9084966675035 -2.4380876719694e-15 -6.858000000000001
0 26 0 1
26
-20.4700168489515 -2.50685406125609e-15 -4.935464898430601
0 27 0 1
27
2.50685406125609e-15 -20.4700168489515 -4.935464898430601
0 28 0 1
28
-1.13381474605459e-15 -1.38852259958183e-31 18.5166
0 29 0 1
29
-1.13381474605459e-15 -1.38852259958183e-31 -18.5166
1 1 0 6
30
31
32
33
34
35
5.933569063825717 7.451065907963129 -25.4
-2.124883807783349 9.284960624764121 -25.4
-8.583640254532069 4.128770395744554 -25.4
-8.580293419602286 -4.135721198718513 -25.4
-2.117362932468394 -9.28667858882867 -25.4
5.939601967650622 -7.446257681942041 -25.4
1 2 0 0
1 3 0 3
36
37
38
9.796488680861044 9.80837012638889 -15.84917717481173
-0.005290758838250753 13.86149740831641 -15.84884287310013
-9.800987071319396 9.797119750850875 -15.8488451013399
1 4 0 3
39
40
41
-9.802408319856475 -9.80259606756189 -15.85009285798141
0.0005279059643784334 -13.86516849896245 -15.85079972395158
9.803907544155138 -9.803433414924676 -15.85000386440418
1 5 0 1
42
10.66245002078069 1.337727834046929e-14 -20.15547082861337
1 6 0 1
43
10.6624658324725 -4.713811280919208e-16 20.15547832421399
1 7 0 1
44
13.86344732222756 0.005614219485275252 15.8488233122954
1 8 0 0
1 9 0 1
45
9.524999218963668 0.003857297176491913 25.4
1 10 0 7
46
47
48
49
50
51
52
11.37253203068719 -17.02019697322426 4.935464898430601
18.91182959690749 -7.833536308327941 4.935464898430601
20.07669121505773 3.993502178737591 4.935464898430601
14.47448772489641 14.47448772489656 4.935464898430601
3.993502178737439 20.07669121505776 4.935464898430601
-7.833536308328033 18.91182959690745 4.935464898430601
-17.02019697322428 11.37253203068715 4.935464898430601
1 11 0 0
1 12 0 8
53
54
55
56
57
58
59
60
-12.06550910638214 -14.3791138240091 0
-18.48543240869095 -3.259480483714915 0
-16.25581644427621 9.385299999999942 0
-6.419923302308873 17.63859430772394 0
6.419923302308707 17.638594307724 0
16.25581644427614 9.385300000000081 0
18.48543240869096 -3.259480483714807 0
12.06550910638225 -14.37911382400901 0
1 13 0 2
61
62
-17.72755460708747 -10.23500842447577 4.935464898430601
-10.23500842447574 -17.72755460708749 4.935464898430601
1 14 0 9
63
64
65
66
67
68
69
70
71
-16.10631213646734 -11.7019207364724 6.858000000000001
-6.152063802715577 -18.93410548526956 6.858000000000001
6.152063802715618 -18.93410548526954 6.858000000000001
16.10631213646737 -11.70192073647237 6.858000000000001
19.9084966675035 2.926957633897784e-14 6.858000000000001
16.10631213646734 11.7019207364724 6.858000000000001
6.152063802715663 18.93410548526953 6.858000000000001
-6.152063802715482 18.93410548526959 6.858000000000001
-16.1063121364673 11.70192073647247 6.858000000000001
1 15 0 0
1 16 0 12
72
73
74
75
76
77
78
79
80
81
82
83
-22.59837297972045 -11.86054108832392 8.4328
-14.49799724813079 -21.00397514832779 8.4328
-3.076305066801659 -25.33565162719028 8.4328
9.05013153183676 -23.86323564596455 8.4328
19.10329206243954 -16.92403996141328 8.4328
24.78011860116371 -6.10775067849367 8.4328
24.78011860116365 6.107750678493877 8.4328
19.10329206243942 16.92403996141343 8.4328
9.05013153183658 23.86323564596462 8.4328
-3.076305066801782 25.33565162719027 8.4328
-14.49799724813084 21.00397514832776 8.4328
-22.59837297972046 11.8605410883239 8.4328
1 17 0 9
84
85
86
87
88
89
90
91
92
-15.6093804344109 -11.34087872141436 8.4328
-5.962252782617295 -18.34992723353886 8.4328
5.962252782617487 -18.3499272335388 8.4328
15.609380434411 -11.34087872141422 8.4328
19.2942553035871 1.335497493330894e-13 8.4328
15.60938043441086 11.34087872141443 8.4328
5.962252782617281 18.34992723353887 8.4328
-5.962252782617451 18.34992723353881 8.4328
-15.60938043441095 11.3408787214143 8.4328
1 18 0 20
93
94
95
96
97
98
99
100
101
102
103
104
105
106
107
108
109
110
111
112
-40.8925282788348 12.61367447037661 6.858000000000001
-35.35784216461703 24.1065686098616 6.858000000000001
-26.6814566087384 33.45748833842649 6.858000000000001
-15.63430654352961 39.83556340235295 6.858000000000001
-3.197979731904022 42.67407384248973 6.858000000000001
9.52250161300414 41.72080554963276 6.858000000000001
21.39686690078682 37.06046059495143 6.858000000000001
31.3700266658308 29.10713107925614 6.858000000000001
38.55582189652119 18.56750523262809 6.858000000000001
42.31576315226814 6.378075063926431 6.858000000000001
42.31576315226813 -6.378075063926524 6.858000000000001
38.55582189652114 -18.56750523262821 6.858000000000001
31.37002666583074 -29.10713107925621 6.858000000000001
21.39686690078668 -37.06046059495152 6.858000000000001
9.522501613003975 -41.7208055496328 6.858000000000001
-3.19797973190419 -42.67407384248971 6.858000000000001
-15.63430654352977 -39.83556340235289 6.858000000000001
-26.6814566087385 -33.45748833842641 6.858000000000001
-35.35784216461707 -24.10656860986154 6.858000000000001
-40.8925282788348 -12.61367447037659 6.858000000000001
1 19 0 20
113
114
115
116
117
118
119
120
121
122
123
124
125
126
127
128
129
130
131
132
-40.8925282788348 -12.61367447037661 19.05
-35.35784216461703 -24.1065686098616 19.05
-26.6814566087384 -33.45748833842649 19.05
-15.63430654352961 -39.83556340235295 19.05
-3.197979731904022 -42.67407384248973 19.05
9.52250161300414 -41.72080554963276 19.05
21.39686690078682 -37.06046059495143 19.05
31.3700266658308 -29.10713107925614 19.05
38.55582189652119 -18.56750523262809 19.05
42.31576315226814 -6.378075063926431 19.05
42.31576315226813 6.378075063926524 19.05
38.55582189652114 18.56750523262821 19.05
31.37002666583074 29.10713107925621 19.05
21.39686690078668 37.06046059495152 19.05
9.522501613003975 41.7208055496328 19.05
-3.19797973190419 42.67407384248971 19.05
-15.63430654352977 39.83556340235289 19.05
-26.6814566087385 33.45748833842641 19.05
-35.35784216461707 24.10656860986154 19.05
-40.8925282788348 12.61367447037659 19.05
1 20 0 0
1 21 0 12
133
134
135
136
137
138
139
140
141
142
143
144
-22.59837297972045 -11.86054108832392 19.05
-14.49799724813079 -21.00397514832779 19.05
-3.076305066801659 -25.33565162719028 19.05
9.05013153183676 -23.86323564596455 19.05
19.10329206243954 -16.92403996141328 19.05
24.78011860116371 -6.10775067849367 19.05
24.78011860116365 6.107750678493877 19.05
19.10329206243942 16.92403996141343 19.05
9.05013153183658 23.86323564596462 19.05
-3.076305066801782 25.33565162719027 19.05
-14.49799724813084 21.00397514832776 19.05
-22.59837297972046 11.8605410883239 19.05
1 22 0 0
1 23 0 6
145
146
147
148
149
150
5.933569063825717 7.451065907963129 25.4
-2.124883807783349 9.284960624764121 25.4
-8.583640254532069 4.128770395744554 25.4
-8.580293419602286 -4.135721198718513 25.4
-2.117362932468394 -9.28667858882867 25.4
5.939601967650622 -7.446257681942041 25.4
1 24 0 3
151
152
153
9.796488680861044 9.80837012638889 15.84917717481173
-0.005290758838250753 13.86149740831641 15.84884287310013
-9.800987071319396 9.797119750850875 15.8488451013399
1 25 0 3
154
155
156
-9.802408319856475 -9.80259606756189 15.85009285798141
0.0005279059643784334 -13.86516849896245 15.85079972395158
9.803907544155138 -9.803433414924676 15.85000386440418
1 26 0 0
1 27 0 1
157
9.524999218963668 0.003857297176491913 -25.4
1 28 0 0
1 29 0 9
158
159
160
161
162
163
164
165
166
-15.6093804344109 -11.34087872141436 -8.4328
-5.962252782617295 -18.34992723353886 -8.4328
5.962252782617487 -18.3499272335388 -8.4328
15.609380434411 -11.34087872141422 -8.4328
19.2942553035871 1.335497493330894e-13 -8.4328
15.60938043441086 11.34087872141443 -8.4328
5.962252782617281 18.34992723353887 -8.4328
-5.962252782617451 18.34992723353881 -8.4328
-15.60938043441095 11.3408787214143 -8.4328
1 30 0 1
167
13.86344732222756 0.005614219485275252 -15.8488233122954
1 31 0 0
1 32 0 12
168
169
170
171
172
173
174
175
176
177
178
179
-22.59837297972045 -11.86054108832392 -8.4328
-14.49799724813079 -21.00397514832779 -8.4328
-3.076305066801659 -25.33565162719028 -8.4328
9.05013153183676 -23.86323564596455 -8.4328
19.10329206243954 -16.92403996141328 -8.4328
24.78011860116371 -6.10775067849367 -8.4328
24.78011860116365 6.107750678493877 -8.4328
19.10329206243942 16.92403996141343 -8.4328
9.05013153183658 23.86323564596462 -8.4328
-3.076305066801782 25.33565162719027 -8.4328
-14.49799724813084 21.00397514832776 -8.4328
-22.59837297972046 11.8605410883239 -8.4328
1 33 0 12
180
181
182
183
184
185
186
187
188
189
190
191
-22.59837297972045 -11.86054108832392 -19.05
-14.49799724813079 -21.00397514832779 -19.05
-3.076305066801659 -25.33565162719028 -19.05
9.05013153183676 -23.86323564596455 -19.05
19.10329206243954 -16.92403996141328 -19.05
24.78011860116371 -6.10775067849367 -19.05
24.78011860116365 6.107750678493877 -19.05
19.10329206243942 16.92403996141343 -19.05
9.05013153183658 23.86323564596462 -19.05
-3.076305066801782 25.33565162719027 -19.05
-14.49799724813084 21.00397514832776 -19.05
-22.59837297972046 11.8605410883239 -19.05
1 34 0 20
192
193
194
195
196
197
198
199
200
201
202
203
204
205
206
207
208
209
210
211
-40.8925282788348 -12.61367447037661 -19.05
-35.35784216461703 -24.1065686098616 -19.05
-26.6814566087384 -33.45748833842649 -19.05
-15.63430654352961 -39.83556340235295 -19.05
-3.197979731904022 -42.67407384248973 -19.05
9.52250161300414 -41.72080554963276 -19.05
21.39686690078682 -37.06046059495143 -19.05
31.3700266658308 -29.10713107925614 -19.05
38.55582189652119 -18.56750523262809 -19.05
42.31576315226814 -6.378075063926431 -19.05
42.31576315226813 6.378075063926524 -19.05
38.55582189652114 18.56750523262821 -19.05
31.37002666583074 29.10713107925621 -19.05
21.39686690078668 37.06046059495152 -19.05
9.522501613003975 41.7208055496328 -19.05
-3.19797973190419 42.67407384248971 -19.05
-15.63430654352977 39.83556340235289 -19.05
-26.6814566087385 33.45748833842641 -19.05
-35.35784216461707 24.10656860986154 -19.05
-40.8925282788348 12.61367447037659 -19.05
1 35 0 0
1 36 0 20
212
213
214
215
216
217
218
219
220
221
222
223
224
225
226
227
228
229
230
231
-40.8925282788348 12.61367447037661 -6.858000000000001
-35.35784216461703 24.1065686098616 -6.858000000000001
-26.6814566087384 33.45748833842649 -6.858000000000001
-15.63430654352961 39.83556340235295 -6.858000000000001
-3.197979731904022 42.67407384248973 -6.858000000000001
9.52250161300414 41.72080554963276 -6.858000000000001
21.39686690078682 37.06046059495143 -6.858000000000001
31.3700266658308 29.10713107925614 -6.858000000000001
38.55582189652119 18.56750523262809 -6.858000000000001
42.31576315226814 6.378075063926431 -6.858000000000001
42.31576315226813 -6.378075063926524 -6.858000000000001
38.55582189652114 -18.56750523262821 -6.858000000000001
31.37002666583074 -29.10713107925621 -6.858000000000001
21.39686690078668 -37.06046059495152 -6.858000000000001
9.522501613003975 -41.7208055496328 -6.858000000000001
-3.19797973190419 -42.67407384248971 -6.858000000000001
-15.63430654352977 -39.83556340235289 -6.858000000000001
-26.6814566087385 -33.45748833842641 -6.858000000000001
-35.35784216461707 -24.10656860986154 -6.858000000000001
-40.8925282788348 -12.61367447037659 -6.858000000000001
1 37 0 9
232
233
234
235
236
237
238
239
240
-16.10631213646734 -11.7019207364724 -6.858000000000001
-6.152063802715577 -18.93410548526956 -6.858000000000001
6.152063802715618 -18.93410548526954 -6.858000000000001
16.10631213646737 -11.70192073647237 -6.858000000000001
19.9084966675035 2.926957633897784e-14 -6.858000000000001
16.10631213646734 11.7019207364724 -6.858000000000001
6.152063802715663 18.93410548526953 -6.858000000000001
-6.152063802715482 18.93410548526959 -6.858000000000001
-16.1063121364673 11.70192073647247 -6.858000000000001
1 38 0 0
1 39 0 7
241
242
243
244
245
246
247
11.37253203068719 -17.02019697322426 -4.935464898430601
18.91182959690749 -7.833536308327941 -4.935464898430601
20.07669121505773 3.993502178737591 -4.935464898430601
14.47448772489641 14.47448772489656 -4.935464898430601
3.993502178737439 20.07669121505776 -4.935464898430601
-7.833536308328033 18.91182959690745 -4.935464898430601
-17.02019697322428 11.37253203068715 -4.935464898430601
1 40 0 2
248
249
-17.72755460708747 -10.23500842447577 -4.935464898430601
-10.23500842447574 -17.72755460708749 -4.935464898430601
1 41 0 0
1 42 0 0
1 43 0 4
250
251
252
253
-10.8837844025988 -1.332879173125248e-15 14.98024407804315
-17.61033308963083 -2.156643805013506e-15 5.721944078043172
-17.61033308963085 -2.156643805013509e-15 -5.721944078043117
-10.88378440259885 -1.332879173125254e-15 -14.98024407804312
1 44 0 0
2 1 0 4
254
255
256
257
9.338432348420305 4.859816237973016 -20.46543511621704
8.775141752022403 -5.925182483117281 -20.32420423377899
4.08009130129479 -9.97630234865149 -19.90022454551855
1.903570214429943 10.3791134486265 -20.40698234946147
2 2 0 0
2 3 0 1
258
-6.742720863587373 -18.31007982095615 2.153566231444006
2 4 0 0
2 5 0 2
259
260
12.43126420282603 17.61952039058284 8.4328
12.4312642028262 -17.61952039058271 8.4328
2 6 0 20
261
262
263
264
265
266
267
268
269
270
271
272
273
274
275
276
277
278
279
280
28.14156503284243 -9.143748761989682 6.858000000000001
28.14156503284239 9.143748761989745 6.858000000000001
18.05721361626122 24.29055551248021 6.858000000000001
18.05721361626119 -24.29055551248025 6.858000000000001
1.49213974509621e-13 29.58979256297831 6.858000000000001
4.263256414560601e-14 -29.58979256297836 6.858000000000001
-17.39244368691217 -23.93864504347892 6.858000000000001
-17.39244368691207 23.93864504347899 6.858000000000001
-27.1884302723922 -8.702207928664954 6.858000000000001
-27.18843027239217 8.702207928665013 6.858000000000001
33.7143526817928 4.174438572590589e-14 6.858000000000001
26.94872759213134 -19.57939667131485 6.858000000000001
26.94872759213132 19.57939667131487 6.858000000000001
10.78933781687694 -30.62433790334887 6.858000000000001
10.78933781687704 30.62433790334883 6.858000000000001
-9.286487547989616 -31.08595349846418 6.858000000000001
-9.286487547989495 31.08595349846421 6.858000000000001
-26.42026267777432 -19.19544443647583 6.858000000000001
-26.42026267777424 19.19544443647592 6.858000000000001
-32.75237776596715 3.87906961707904e-14 6.858000000000001
2 7 0 21
281
282
283
284
285
286
287
288
289
290
291
292
293
294
295
296
297
298
299
300
301
-42.31487073641811 -6.383993048254399 12.954
-42.31576315226814 6.378075063926484 12.93523292777254
-38.55582189652117 18.56750523262813 12.94416858382782
-38.5560516345485 -18.56702816914878 12.954
42.7937338015735 -2.416976250840921e-14 12.96383141617219
-31.3703868141712 -29.10674292684099 12.95399999999998
-31.37002666583078 29.10713107925617 12.94416858382779
26.68145660873842 33.45748833842647 12.94416858382782
35.35784216461703 24.1065686098616 12.9441685838278
40.89252827883481 -12.61367447037658 12.9441685838278
35.35784216461707 -24.10656860986155 12.94416858382782
40.89268434825617 12.61316849462574 12.95399999999997
26.68145660873848 -33.45748833842642 12.94416858382778
-21.39686690078673 37.06046059495149 12.96383141617221
-21.39686690078681 -37.06046059495144 12.96383141617222
3.197979731904187 42.67407384248971 12.96383141617222
-9.522501613004071 -41.72080554963278 12.9638314161722
3.197979731904083 -42.67407384248972 12.96383141617222
-9.521985388981689 41.72092337103715 12.95399999999994
15.6347994389936 39.83536995161938 12.95399999999994
15.63430654352966 -39.83556340235293 12.96383141617221
2 8 0 13
302
303
304
305
306
307
308
309
310
311
312
313
314
32.82860799120109 1.155864289527073e-13 19.05
-24.67475124180225 21.96946743435726 19.05
-24.6747512418022 -21.9694674343573 19.05
3.721696475133438 32.55492118119158 19.05
3.721696475133623 -32.55492118119154 19.05
18.33080845971289 -27.49274553536754 19.05
18.33080845971271 27.49274553536765 19.05
-31.9359646317232 8.15146769347341 19.05
-31.94079387181718 -8.249792438761105 19.05
29.44892917995757 15.02598847102207 19.05
29.44892917995764 -15.0259884710219 19.05
-11.61565842957274 30.62797411428075 19.05
-11.61565842957262 -30.62797411428076 19.05
2 9 0 13
315
316
317
318
319
320
321
322
323
324
325
326
327
3.076305066801829 -25.33565162719027 13.77119757651228
-9.050131531836598 -23.86323564596462 13.77119757651228
-19.10329206243944 -16.9240399614134 13.77119757651228
-24.78011860116368 -6.107750678493793 13.71160242348772
-24.78011860116367 6.107750678493804 13.71160242348772
25.5217338015735 1.070884505046501e-13 13.71160242348772
3.076305066801639 25.33565162719029 13.71160242348772
-19.10329206243945 16.92403996141338 13.71160242348772
14.4964664734903 -21.00503168341697 13.7414
22.59837297972051 -11.8605410883238 13.77119757651228
14.49799724813078 21.0039751483278 13.71160242348772
22.59837297972043 11.86054108832397 13.71160242348772
-9.050131531836673 23.86323564596459 13.77119757651228
2 10 0 4
328
329
330
331
9.346236601567275 4.855664311211292 20.45357134747907
8.77514178778361 -5.925182429231175 20.32420423494856
4.080091334026501 -9.976302334473363 19.90022454706713
2.105365477642704 10.22435092988747 20.68167936318308
2 11 0 3
332
333
334
15.91829711745978 -5.172168263950059 12.77641952542494
15.92357073618988 5.173881766546132 12.76915212672161
-15.91780652176533 5.172008859746143 12.77709526654445
2 12 0 5
335
336
337
338
339
2.598030823260566 -2.936788046658396 25.4
-1.726106933871664 2.891145840180723 25.4
-2.956084487691861 -2.36985962695874 25.4
4.981394269623914 1.003287151232905 25.4
0.7243084178302386 -0.3530536705508773 25.4
2 13 0 5
340
341
342
343
344
-0.09107086504872504 2.414108649240235 -25.4
5.536987804755147 -0.9065841043457621 -25.4
-0.6708942622729346 -3.820079574694432 -25.4
-4.687603951557381 -0.4787310131718678 -25.4
5.007784617700741 2.675253369337273 -25.4
2 14 0 3
345
346
347
15.91829711745979 -5.172168263950062 -12.77641952542492
15.92357073618986 5.173881766546119 -12.76915212672163
-15.91780452146388 -5.172008209808844 -12.7770980216219
2 15 0 0
2 16 0 13
348
349
350
351
352
353
354
355
356
357
358
359
360
3.076305066801852 -25.33565162719026 -13.71160242348772
-9.050131531836577 -23.86323564596462 -13.71160242348772
-19.10329206243944 -16.9240399614134 -13.71160242348772
-24.78011860116367 -6.107750678493804 -13.77119757651228
-24.78011860116367 6.107750678493804 -13.77119757651228
3.076305066801706 25.33565162719028 -13.77119757651228
14.49799724813092 -21.0039751483277 -13.77119757651228
22.59837297972051 -11.8605410883238 -13.77119757651228
25.5217337337972 -0.001859983169335763 -13.7414
-19.10329206243948 16.92403996141335 -13.77119757651228
14.49799724813078 21.0039751483278 -13.77119757651228
22.59923729698597 11.85889412352171 -13.7414
-9.050131531836673 23.86323564596459 -13.77119757651228
2 17 0 13
361
362
363
364
365
366
367
368
369
370
371
372
373
32.82860799120109 1.155864289527073e-13 -19.05
-24.67475124180225 21.96946743435726 -19.05
-24.6747512418022 -21.9694674343573 -19.05
3.721696475133438 32.55492118119157 -19.05
3.721696475133623 -32.55492118119154 -19.05
18.33080845971289 -27.49274553536754 -19.05
18.33080845971271 27.49274553536765 -19.05
-31.9359646317232 8.151467693473409 -19.05
-31.94079387181719 -8.249792438761105 -19.05
29.44892917995757 15.02598847102207 -19.05
29.44892917995764 -15.0259884710219 -19.05
-11.61565842957274 30.62797411428075 -19.05
-11.61565842957262 -30.62797411428076 -19.05
2 18 0 21
374
375
376
377
378
379
380
381
382
383
384
385
386
387
388
389
390
391
392
393
394
-42.31576315226814 6.378075063926484 -12.93523292777254
-42.31576315226814 -6.378075063926484 -12.97276707222747
-38.55582189652117 -18.56750523262813 -12.96383141617219
-38.55582189652117 18.56750523262813 -12.94416858382782
42.7937338015735 -2.396493401257523e-14 -12.96383141617219
-31.3700266658308 29.10713107925615 -12.9441685838278
-31.37002666583078 -29.10713107925617 -12.96383141617222
40.89268434825617 12.61316849462574 -12.95399999999997
26.68145660873848 33.45748833842642 -12.96383141617222
26.68145660873842 -33.45748833842647 -12.96383141617218
35.35784216461703 -24.1065686098616 -12.96383141617221
35.3581404392826 24.1061311154632 -12.95399999999995
40.8925282788348 -12.61367447037664 -12.96383141617219
-21.39686690078681 -37.06046059495144 -12.96383141617221
-9.522501613003987 -41.7208055496328 -12.94416858382779
-9.522501613003996 41.7208055496328 -12.9638314161722
3.197451713308467 -42.67411340872819 -12.95399999999994
3.197979731904158 42.67407384248971 -12.96383141617221
-21.39732545868037 37.06019584264556 -12.95400000000004
15.63381364567222 -39.8357568469877 -12.95399999999994
15.63479943899359 39.83536995161938 -12.95399999999994
2 19 0 20
395
396
397
398
399
400
401
402
403
404
405
406
407
408
409
410
411
412
413
414
28.14156503284243 -9.143748761989682 -6.858000000000001
28.14156503284239 9.143748761989745 -6.858000000000001
18.05721361626122 24.29055551248021 -6.858000000000001
18.0572136162612 -24.29055551248024 -6.858000000000001
1.49213974509621e-13 29.58979256297831 -6.858000000000001
4.263256414560601e-14 -29.58979256297836 -6.858000000000001
-17.39244368691217 -23.93864504347892 -6.858000000000001
-17.39244368691207 23.93864504347899 -6.858000000000001
-27.18843027239217 8.702207928665011 -6.858000000000001
-27.18843027239219 -8.702207928664956 -6.858000000000001
33.7143526817928 4.174438572590589e-14 -6.858000000000001
26.94872759213134 -19.57939667131485 -6.858000000000001
26.94872759213132 19.57939667131487 -6.858000000000001
10.78933781687695 -30.62433790334887 -6.858000000000001
10.78933781687703 30.62433790334884 -6.858000000000001
-9.286487547989616 -31.08595349846418 -6.858000000000001
-9.286487547989495 31.08595349846421 -6.858000000000001
-26.42026267777432 -19.19544443647583 -6.858000000000001
-26.42026267777424 19.19544443647592 -6.858000000000001
-32.75237776596715 3.527460459259395e-14 -6.858000000000001
2 20 0 2
415
416
12.43126420282603 17.61952039058284 -8.4328
12.4312642028262 -17.61952039058271 -8.4328
2 21 0 0
2 22 0 1
417
6.198812311912934 -18.55230206522872 -2.294038083706684
2 23 0 36
418
419
420
421
422
423
424
425
426
427
428
429
430
431
432
433
434
435
436
437
438
439
440
441
442
443
444
445
446
447
448
449
450
451
452
453
-11.91355971845594 10.3907568320763 -9.641770732155141
-1.442645921947222 5.53709461506141 17.61033308963084
-9.44340312324932 10.35204535150548 12.1046177160693
16.67059580561918 -6.257275728579012 -5.079587729551318
-15.78958733750719 -9.668158221422463 -0.2830616130349697
0.9916014664513823 14.60844803121101 11.33465695163019
9.299741663957386 7.346794566219853 14.22687211390535
10.63449844077756 14.23827245915678 5.200338051695979
-4.867376355116001 -9.734752709981043 14.98024407855808
1.070111862826618 18.47694896224508 0.5671800486866445
9.486374470276273 14.65296742652373 -6.177679221756771
16.85896566447827 4.676846629951871 6.063568081901162
13.91443604645458 -2.875505099774476 11.87368584266471
-14.92287375786315 10.86237683094928 1.476849331968389
-1.194374594219936 15.39533301874077 -10.21869199705873
6.34701289900203 8.399011953079066 -15.23274436967734
15.3563079133011 5.223026932875173 -8.931308554201143
9.925651760504939 -2.46905246146408 -15.4353390837948
-4.867376355332855 -9.734752710665681 -14.98024407804271
9.056020898638133 -13.14231176523204 -9.387896596622323
10.88753000151476 -14.77331010649425 2.46484776882281
1.300176327394706 -18.2825504903332 -2.631038700988606
1.986652006533083 -16.26350349365938 8.626479205137359
-8.155941690258205 -16.07039413032712 4.252942887114257
-7.741193118426083 -15.28940147295559 -7.012318251620935
-13.87150828102128 -7.90185222530874 9.381176097853695
-8.140234098725877 16.36462872547805 -2.966477887192018
8.335031776930254 -9.079539361288207 13.81859927143056
-13.58779706857062 -8.330792851079622 -9.425186303503208
-5.837849045008603 8.026268292703548 -15.63211474437268
-6.30942592305848 16.51138709571907 5.516313647424291
15.53548587361754 10.01054224256577 -1.141139010128121
16.32346906158695 -6.927745582006986 5.330588570354704
0.3578464748472772 -15.16181899914401 -10.62335474780143
5.016435856798494 -9.248222147554655 -15.23713339063834
18.34519581997716 1.767471478003297 -1.787263400044091
3 1 0 93
454
455
456
457
458
459
460
461
462
463
464
465
466
467
468
469
470
471
472
473
474
475
476
477
478
479
480
481
482
483
484
485
486
487
488
489
490
491
492
493
494
495
496
497
498
499
500
501
502
503
504
505
506
507
508
509
510
511
512
513
514
515
516
517
518
519
520
521
522
523
524
525
526
527
528
529
530
531
532
533
534
535
536
537
538
539
540
541
542
543
544
545
546
-1.855911824960875 0.9355898460935939 15.17888862242023
6.841517477927178 -1.959348006525842 -6.756175780326114
3.073769943380428 0.307491765835888 -16.43696587224157
0.9680804694342321 -10.35304036899056 -2.38044096142373
8.351850358243674 4.279432321662997 0.4402663615063336
-5.029943009066825 -8.346267349622035 5.263995631287438
-6.700879070473015 7.121195190238761 0.8682141569580537
8.479325297368829 -12.10283350341355 -3.283609919671087
-10.27523650469665 -6.241201534981339 -2.712007022997352
-3.981489584769949 -3.378132512350824 -20.70223070899385
-1.037606504544079 -5.399443792927361 21.15220881038532
6.693282183000026 3.926839624870094 21.06826303913556
6.586157106809184 -3.132073474629186 -21.72392608287676
17.12863415164848 -24.56727890145666 12.62435424459117
17.12853036581034 24.56826379034975 -12.63113282731947
18.14314894542329 -24.23791734636216 -13.14968788918941
17.12935545116882 24.56591498708155 12.61771923396797
-6.517786720611808 -33.65341643492876 -12.69850101187628
-7.040392895858077 34.0404085912856 12.89287939395799
-7.040602460356093 -34.040248755376 12.89350624630498
-8.679128650572036 36.51362424274019 -13.38093089309606
28.39463877245047 -21.6662751099999 -13.40991759670593
33.01970862449446 18.55737244056703 -13.88276932438669
33.0647042536086 -17.79276920117211 13.40001088659064
33.06471295858768 17.79275371605814 13.40003462956411
-30.2071794756983 7.742088202709731 -12.67482768708449
-29.72629431047424 8.981465223552579 12.34162345507533
-29.95860493037708 -7.966763017299784 -12.6002790404392
-29.72504002356519 -9.0031489432463 12.33466962939887
30.44070672532305 -0.003490492841890406 -13.20823177345163
30.83165738481859 1.52082016559915e-05 13.48242829154239
3.374520233937436 -36.76246352843719 -12.58331293073016
2.452053971259163 37.12431457152699 -12.39452522393341
-21.5661574164777 21.65279572744642 -14.05076393390438
-21.23115389489446 -22.06046234664221 13.79560390953166
-21.21449606465787 22.0591232452944 13.78538134632069
-21.75309958289485 -21.56371509326259 -13.9537913713333
4.874023132851968 -2.157382292320551 21.59431373622391
1.668198155758054 5.402165774457628 -21.71243520830841
15.48789293356233 -1.774963668467555 -2.276566032267011
6.274151782419322 2.421844905660025 16.19334354444373
7.793322151318761 3.061500170464927 -21.43756011739489
22.41376442868069 29.73375282174814 -11.85351142697747
22.49251095950222 -29.39162466145009 -12.20980365072118
22.41890269222184 29.72811346416486 11.85018665556245
22.41873735243507 -29.72853217658439 11.85017343472103
3.341917240420498 36.76634493155134 12.58678500456602
3.341901556392152 -36.76633281034258 12.58685827897264
34.56002075397492 8.396245425972662 12.91568427891226
32.24883647531176 9.652516645537569 -13.11068737679535
-16.9567448644804 29.01579656484331 -13.30903636513525
-18.18634424927015 30.7613860804553 13.35906279162669
-16.40602906042463 -29.07210043022291 -13.41589589179651
-18.18858857034651 -30.76205570987931 13.36199440394239
-29.04419294231675 16.57644634733183 -12.60207646131075
-31.7453860043365 -16.60408305085803 -13.4103642407727
31.9456361861401 -10.03244996230053 -13.1547023460311
34.56007441883742 -8.3962705041652 12.91503658485716
-31.7065911090772 16.76675788511763 13.40264166694537
-36.63700542185406 -0.007576104747203621 14.2903379260064
-34.47597798582011 1.037828575811629 -13.17320369133303
-31.70532627397152 -16.77723925061868 13.41019457884757
10.18333847247596 -5.422031395423036 -2.551371950069393
2.278761118403431 -4.111927580195918 -21.87473257743609
9.810569814861747 0.003011587458440852 -15.53126976467143
-26.74589664980798 25.5353098305434 12.47334591965777
-35.42401355020167 13.38114085441457 -14.66606394876393
-36.97320018560367 -6.456551523475466 -13.43814420821566
13.44979260984127 -34.8345572805032 -13.12411587924304
13.32994178219057 34.8695069333581 -13.08772103402422
13.41497632314107 34.83294382575688 13.11720236853313
13.41480311102769 -34.83288754745456 13.11832612685618
2.484624435683646 3.430183710235532 21.46073021897926
-11.82895247961783 -27.74907530296459 13.13947967759373
-26.59052455191383 -25.56479855136214 -12.55852674499219
-26.74853320172635 -25.53724168074389 12.47535042592149
-26.48961063195309 25.40827435988821 -12.52841926157221
11.35707434513412 0.003025533720233486 11.02573344800969
37.22270260724637 6.287074646933934e-06 13.0658168388613
-37.10751048887239 7.959060976312885 -15.1060159767874
-37.16383526103542 7.129917918770944 13.17684262412903
31.27669194768113 24.31479634461511 9.856030788160144
31.27670521115659 -24.31477712329004 9.856050465924797
-11.82759148571652 27.74987560913864 13.14048147569398
31.28698452421392 24.33324240598856 -9.876663251197439
37.04373300388155 -0.07260346843976463 -13.11214552142653
11.35709771782079 0.003037599874867475 -11.02573481366899
9.810628446041838 0.002864157284789797 15.53132100138589
5.134317571543615 1.51723550115651 -22.08092577971687
-37.17211589912502 -7.151455066741202 13.16299664715751
6.552279107949928 -0.3577450989741064 22.38484377209892
7.960484996383997 1.253970903565357 23.12168889858045
7.125370865817578 -0.1457234605390582 -22.677109958909
$EndNodes
$Elements
95 2740 1 2740
0 1 15 1
1 1 
0 2 15 1
2 2 
0 3 15 1
3 3 
0 4 15 1
4 4 
0 5 15 1
5 5 
0 6 15 1
6 6 
0 7 15 1
7 7 
0 8 15 1
8 8 
0 9 15 1
9 9 
0 10 15 1
10 10 
0 11 15 1
11 11 
0 12 15 1
12 12 
0 13 15 1
13 13 
0 14 15 1
14 14 
0 15 15 1
15 15 
0 16 15 1
16 16 
0 17 15 1
17 17 
0 18 15 1
18 18 
0 19 15 1
19 19 
0 20 15 1
20 20 
0 21 15 1
21 21 
0 22 15 1
22 22 
0 23 15 1
23 23 
0 24 15 1
24 24 
0 25 15 1
25 25 
0 26 15 1
26 26 
0 27 15 1
27 27 
0 28 15 1
28 28 
0 29 15 1
29 29 
1 1 1 7
30 1 30 
31 30 31 
32 31 32 
33 32 33 
34 33 34 
35 34 35 
36 35 2 
1 2 1 1
37 3 1 
1 3 1 4
38 3 36 
39 36 37 
40 37 38 
41 38 4 
1 4 1 4
42 4 39 
43 39 40 
44 40 41 
45 41 5 
1 5 1 2
46 5 42 
47 42 2 
1 6 1 2
48 6 43 
49 43 7 
1 7 1 2
50 6 44 
51 44 8 
1 8 1 1
52 8 9 
1 9 1 2
53 7 45 
54 45 9 
1 10 1 8
55 10 46 
56 46 47 
57 47 48 
58 48 49 
59 49 50 
60 50 51 
61 51 52 
62 52 11 
1 11 1 1
63 10 12 
1 12 1 9
64 12 53 
65 53 54 
66 54 55 
67 55 56 
68 56 57 
69 57 58 
70 58 59 
71 59 60 
72 60 12 
1 13 1 3
73 11 61 
74 61 62 
75 62 10 
1 14 1 10
76 13 63 
77 63 64 
78 64 65 
79 65 66 
80 66 67 
81 67 68 
82 68 69 
83 69 70 
84 70 71 
85 71 13 
1 15 1 1
86 13 11 
1 16 1 13
87 14 72 
88 72 73 
89 73 74 
90 74 75 
91 75 76 
92 76 77 
93 77 78 
94 78 79 
95 79 80 
96 80 81 
97 81 82 
98 82 83 
99 83 14 
1 17 1 10
100 15 84 
101 84 85 
102 85 86 
103 86 87 
104 87 88 
105 88 89 
106 89 90 
107 90 91 
108 91 92 
109 92 15 
1 18 1 21
110 16 93 
111 93 94 
112 94 95 
113 95 96 
114 96 97 
115 97 98 
116 98 99 
117 99 100 
118 100 101 
119 101 102 
120 102 103 
121 103 104 
122 104 105 
123 105 106 
124 106 107 
125 107 108 
126 108 109 
127 109 110 
128 110 111 
129 111 112 
130 112 16 
1 19 1 21
131 17 113 
132 113 114 
133 114 115 
134 115 116 
135 116 117 
136 117 118 
137 118 119 
138 119 120 
139 120 121 
140 121 122 
141 122 123 
142 123 124 
143 124 125 
144 125 126 
145 126 127 
146 127 128 
147 128 129 
148 129 130 
149 130 131 
150 131 132 
151 132 17 
1 20 1 1
152 17 16 
1 21 1 13
153 18 133 
154 133 134 
155 134 135 
156 135 136 
157 136 137 
158 137 138 
159 138 139 
160 139 140 
161 140 141 
162 141 142 
163 142 143 
164 143 144 
165 144 18 
1 22 1 1
166 18 14 
1 23 1 7
167 9 145 
168 145 146 
169 146 147 
170 147 148 
171 148 149 
172 149 150 
173 150 7 
1 24 1 4
174 8 151 
175 151 152 
176 152 153 
177 153 19 
1 25 1 4
178 19 154 
179 154 155 
180 155 156 
181 156 6 
1 26 1 1
182 19 15 
1 27 1 2
183 2 157 
184 157 1 
1 28 1 1
185 4 20 
1 29 1 10
186 20 158 
187 158 159 
188 159 160 
189 160 161 
190 161 162 
191 162 163 
192 163 164 
193 164 165 
194 165 166 
195 166 20 
1 30 1 2
196 5 167 
197 167 3 
1 31 1 1
198 21 22 
1 32 1 13
199 22 168 
200 168 169 
201 169 170 
202 170 171 
203 171 172 
204 172 173 
205 173 174 
206 174 175 
207 175 176 
208 176 177 
209 177 178 
210 178 179 
211 179 22 
1 33 1 13
212 21 180 
213 180 181 
214 181 182 
215 182 183 
216 183 184 
217 184 185 
218 185 186 
219 186 187 
220 187 188 
221 188 189 
222 189 190 
223 190 191 
224 191 21 
1 34 1 21
225 23 192 
226 192 193 
227 193 194 
228 194 195 
229 195 196 
230 196 197 
231 197 198 
232 198 199 
233 199 200 
234 200 201 
235 201 202 
236 202 203 
237 203 204 
238 204 205 
239 205 206 
240 206 207 
241 207 208 
242 208 209 
243 209 210 
244 210 211 
245 211 23 
1 35 1 1
246 23 24 
1 36 1 21
247 24 212 
248 212 213 
249 213 214 
250 214 215 
251 215 216 
252 216 217 
253 217 218 
254 218 219 
255 219 220 
256 220 221 
257 221 222 
258 222 223 
259 223 224 
260 224 225 
261 225 226 
262 226 227 
263 227 228 
264 228 229 
265 229 230 
266 230 231 
267 231 24 
1 37 1 10
268 25 232 
269 232 233 
270 233 234 
271 234 235 
272 235 236 
273 236 237 
274 237 238 
275 238 239 
276 239 240 
277 240 25 
1 38 1 1
278 25 26 
1 39 1 8
279 27 241 
280 241 242 
281 242 243 
282 243 244 
283 244 245 
284 245 246 
285 246 247 
286 247 26 
1 40 1 3
287 26 248 
288 248 249 
289 249 27 
1 41 1 1
290 27 12 
1 43 1 5
291 28 250 
292 250 251 
293 251 252 
294 252 253 
295 253 29 
2 1 2 24
296 3 1 254 
297 1 30 254 
298 35 2 255 
299 2 42 255 
300 36 3 254 
301 33 4 32 
302 32 4 38 
303 39 4 33 
304 5 41 255 
305 42 5 255 
306 30 31 257 
307 254 30 257 
308 31 32 38 
309 31 38 257 
310 39 33 34 
311 34 35 256 
312 40 39 34 
313 40 34 256 
314 35 255 256 
315 37 36 257 
316 36 254 257 
317 38 37 257 
318 41 40 256 
319 255 41 256 
2 2 2 5
320 43 6 44 
321 43 45 7 
322 9 43 8 
323 8 43 44 
324 9 45 43 
2 3 2 22
325 10 12 46 
326 10 258 12 
327 62 258 10 
328 52 55 11 
329 55 54 11 
330 11 54 61 
331 12 60 46 
332 12 258 53 
333 46 60 47 
334 47 59 48 
335 60 59 47 
336 48 58 49 
337 59 58 48 
338 49 57 50 
339 58 57 49 
340 50 56 51 
341 57 56 50 
342 56 52 51 
343 56 55 52 
344 54 53 61 
345 61 53 62 
346 53 258 62 
2 4 2 21
347 10 46 65 
348 62 10 64 
349 64 10 65 
350 52 11 13 
351 13 11 61 
352 71 52 13 
353 13 61 63 
354 46 47 66 
355 65 46 66 
356 47 48 67 
357 66 47 67 
358 48 49 68 
359 67 48 68 
360 49 50 69 
361 68 49 69 
362 50 51 70 
363 69 50 70 
364 51 52 71 
365 70 51 71 
366 61 62 63 
367 63 62 64 
2 5 2 27
368 72 15 14 
369 15 83 14 
370 84 15 72 
371 92 83 15 
372 72 73 84 
373 73 74 85 
374 84 73 85 
375 74 75 86 
376 85 74 86 
377 76 260 75 
378 75 260 86 
379 76 77 87 
380 87 260 76 
381 77 78 88 
382 87 77 88 
383 89 78 79 
384 88 78 89 
385 80 259 79 
386 79 259 89 
387 80 81 90 
388 90 259 80 
389 81 82 91 
390 90 81 91 
391 82 83 92 
392 91 82 92 
393 86 260 87 
394 89 259 90 
2 6 2 71
395 63 269 13 
396 13 270 71 
397 269 280 13 
398 13 280 270 
399 93 280 16 
400 16 280 112 
401 64 267 63 
402 267 278 63 
403 63 278 269 
404 65 266 64 
405 266 276 64 
406 64 276 267 
407 66 264 65 
408 264 274 65 
409 65 274 266 
410 67 261 66 
411 261 272 66 
412 66 272 264 
413 68 262 67 
414 67 271 261 
415 262 271 67 
416 69 263 68 
417 68 273 262 
418 263 273 68 
419 70 265 69 
420 69 275 263 
421 265 275 69 
422 71 268 70 
423 70 277 265 
424 268 277 70 
425 71 279 268 
426 270 279 71 
427 94 279 93 
428 93 279 270 
429 270 280 93 
430 95 279 94 
431 96 268 95 
432 268 279 95 
433 97 277 96 
434 96 277 268 
435 98 265 97 
436 265 277 97 
437 99 275 98 
438 98 275 265 
439 100 263 99 
440 263 275 99 
441 101 273 100 
442 100 273 263 
443 102 262 101 
444 262 273 101 
445 103 271 102 
446 102 271 262 
447 104 261 103 
448 261 271 103 
449 105 272 104 
450 104 272 261 
451 106 264 105 
452 264 272 105 
453 107 274 106 
454 106 274 264 
455 108 266 107 
456 266 274 107 
457 109 276 108 
458 108 276 266 
459 110 267 109 
460 267 276 109 
461 111 278 110 
462 110 278 267 
463 112 278 111 
464 269 278 112 
465 112 280 269 
2 7 2 84
466 16 281 17 
467 17 282 16 
468 16 282 93 
469 112 281 16 
470 17 281 113 
471 132 282 17 
472 93 283 94 
473 93 282 132 
474 132 283 93 
475 94 287 95 
476 94 283 131 
477 131 287 94 
478 95 294 96 
479 95 287 130 
480 130 294 95 
481 96 299 97 
482 96 294 129 
483 129 299 96 
484 97 296 98 
485 128 296 97 
486 97 299 128 
487 98 300 99 
488 98 296 127 
489 127 300 98 
490 99 288 100 
491 126 288 99 
492 99 300 126 
493 100 289 101 
494 100 288 125 
495 125 289 100 
496 101 292 102 
497 101 289 124 
498 124 292 101 
499 102 285 103 
500 123 285 102 
501 102 292 123 
502 103 290 104 
503 103 285 122 
504 122 290 103 
505 104 291 105 
506 104 290 121 
507 121 291 104 
508 105 293 106 
509 105 291 120 
510 120 293 105 
511 106 301 107 
512 106 293 119 
513 119 301 106 
514 107 298 108 
515 118 298 107 
516 107 301 118 
517 108 297 109 
518 117 297 108 
519 108 298 117 
520 109 295 110 
521 116 295 109 
522 109 297 116 
523 110 286 111 
524 115 286 110 
525 110 295 115 
526 111 284 112 
527 114 284 111 
528 111 286 114 
529 113 281 112 
530 112 284 113 
531 113 284 114 
532 114 286 115 
533 115 295 116 
534 116 297 117 
535 117 298 118 
536 118 301 119 
537 119 293 120 
538 120 291 121 
539 121 290 122 
540 122 285 123 
541 123 292 124 
542 124 289 125 
543 125 288 126 
544 126 300 127 
545 127 296 128 
546 128 299 129 
547 129 294 130 
548 130 287 131 
549 131 283 132 
2 8 2 60
550 113 310 17 
551 17 309 132 
552 17 310 309 
553 18 310 133 
554 144 309 18 
555 309 310 18 
556 114 310 113 
557 115 304 114 
558 304 310 114 
559 116 314 115 
560 115 314 304 
561 117 314 116 
562 118 306 117 
563 306 314 117 
564 119 307 118 
565 118 307 306 
566 120 307 119 
567 121 312 120 
568 120 312 307 
569 122 312 121 
570 123 302 122 
571 302 312 122 
572 124 311 123 
573 123 311 302 
574 125 311 124 
575 126 308 125 
576 308 311 125 
577 127 308 126 
578 128 305 127 
579 305 308 127 
580 129 313 128 
581 128 313 305 
582 130 313 129 
583 131 303 130 
584 303 313 130 
585 132 309 131 
586 131 309 303 
587 133 304 134 
588 133 310 304 
589 134 314 135 
590 304 314 134 
591 135 306 136 
592 135 314 306 
593 136 307 137 
594 306 307 136 
595 137 312 138 
596 307 312 137 
597 138 302 139 
598 138 312 302 
599 139 311 140 
600 302 311 139 
601 140 308 141 
602 140 311 308 
603 141 305 142 
604 141 308 305 
605 142 313 143 
606 305 313 142 
607 143 303 144 
608 143 313 303 
609 303 309 144 
2 9 2 52
610 14 18 318 
611 18 14 319 
612 72 14 318 
613 14 83 319 
614 18 133 318 
615 144 18 319 
616 73 72 317 
617 72 133 317 
618 133 72 318 
619 74 73 316 
620 73 134 316 
621 134 73 317 
622 75 74 315 
623 74 135 315 
624 135 74 316 
625 76 75 323 
626 136 75 315 
627 75 136 323 
628 77 76 324 
629 137 76 323 
630 76 137 324 
631 78 77 320 
632 77 138 320 
633 138 77 324 
634 79 78 326 
635 139 78 320 
636 78 139 326 
637 80 79 325 
638 79 140 325 
639 140 79 326 
640 81 80 321 
641 80 141 321 
642 141 80 325 
643 82 81 327 
644 142 81 321 
645 81 142 327 
646 83 82 322 
647 82 143 322 
648 143 82 327 
649 83 144 319 
650 144 83 322 
651 133 134 317 
652 134 135 316 
653 135 136 315 
654 136 137 323 
655 137 138 324 
656 138 139 320 
657 139 140 326 
658 140 141 325 
659 141 142 321 
660 142 143 327 
661 143 144 322 
2 10 2 24
662 43 329 6 
663 6 329 156 
664 7 329 43 
665 150 329 7 
666 8 328 9 
667 151 328 8 
668 9 328 145 
669 19 148 147 
670 147 153 19 
671 154 148 19 
672 145 331 146 
673 328 331 145 
674 146 153 147 
675 146 331 153 
676 149 148 154 
677 149 330 150 
678 149 154 155 
679 155 330 149 
680 150 330 329 
681 152 331 151 
682 151 331 328 
683 153 331 152 
684 156 330 155 
685 329 330 156 
2 11 2 26
686 88 44 6 
687 6 332 88 
688 156 332 6 
689 88 8 44 
690 88 333 8 
691 8 333 151 
692 19 15 84 
693 19 334 15 
694 15 334 92 
695 19 84 154 
696 153 334 19 
697 84 85 154 
698 85 86 155 
699 154 85 155 
700 86 87 156 
701 155 86 156 
702 88 332 87 
703 87 332 156 
704 89 333 88 
705 89 90 151 
706 151 333 89 
707 90 91 152 
708 151 90 152 
709 91 92 153 
710 152 91 153 
711 92 334 153 
2 12 2 17
712 45 338 7 
713 7 335 150 
714 7 338 335 
715 9 338 45 
716 145 338 9 
717 146 336 145 
718 336 338 145 
719 147 336 146 
720 148 337 147 
721 147 337 336 
722 149 337 148 
723 150 335 149 
724 335 337 149 
725 335 339 337 
726 338 339 335 
727 337 339 336 
728 336 339 338 
2 13 2 17
729 30 1 344 
730 1 157 341 
731 1 341 344 
732 2 35 341 
733 157 2 341 
734 31 30 340 
735 340 30 344 
736 32 31 340 
737 33 32 343 
738 32 340 343 
739 34 33 342 
740 342 33 343 
741 35 34 342 
742 341 35 342 
743 340 341 342 
744 341 340 344 
745 340 342 343 
2 14 2 26
746 36 346 3 
747 3 162 167 
748 3 346 162 
749 4 20 166 
750 4 347 20 
751 4 166 38 
752 39 347 4 
753 5 345 41 
754 167 162 5 
755 162 345 5 
756 20 347 158 
757 37 164 36 
758 164 163 36 
759 163 346 36 
760 38 165 37 
761 165 164 37 
762 166 165 38 
763 40 159 39 
764 159 158 39 
765 158 347 39 
766 41 160 40 
767 160 159 40 
768 161 160 41 
769 41 345 161 
770 161 345 162 
771 162 346 163 
2 15 2 5
772 42 1 3 
773 157 1 42 
774 2 157 42 
775 167 42 3 
776 167 5 42 
2 16 2 52
777 21 22 351 
778 22 21 352 
779 180 21 351 
780 21 191 352 
781 22 168 351 
782 179 22 352 
783 168 169 350 
784 180 168 350 
785 168 180 351 
786 169 170 349 
787 181 169 349 
788 169 181 350 
789 170 171 348 
790 182 170 348 
791 170 182 349 
792 171 172 354 
793 171 183 348 
794 183 171 354 
795 172 173 355 
796 172 184 354 
797 184 172 355 
798 173 174 356 
799 173 185 355 
800 185 173 356 
801 174 175 359 
802 174 186 356 
803 186 174 359 
804 175 176 358 
805 187 175 358 
806 175 187 359 
807 176 177 353 
808 188 176 353 
809 176 188 358 
810 177 178 360 
811 177 189 353 
812 189 177 360 
813 178 179 357 
814 190 178 357 
815 178 190 360 
816 191 179 352 
817 179 191 357 
818 181 180 350 
819 182 181 349 
820 183 182 348 
821 184 183 354 
822 185 184 355 
823 186 185 356 
824 187 186 359 
825 188 187 358 
826 189 188 353 
827 190 189 360 
828 191 190 357 
2 17 2 60
829 21 180 369 
830 191 21 368 
831 368 21 369 
832 192 23 369 
833 23 211 368 
834 23 368 369 
835 180 181 363 
836 180 363 369 
837 181 182 373 
838 363 181 373 
839 182 183 365 
840 182 365 373 
841 183 184 366 
842 365 183 366 
843 184 185 371 
844 366 184 371 
845 185 186 361 
846 185 361 371 
847 186 187 370 
848 361 186 370 
849 187 188 367 
850 187 367 370 
851 188 189 364 
852 188 364 367 
853 189 190 372 
854 364 189 372 
855 190 191 362 
856 190 362 372 
857 362 191 368 
858 193 192 369 
859 194 193 363 
860 363 193 369 
861 195 194 373 
862 194 363 373 
863 196 195 373 
864 197 196 365 
865 365 196 373 
866 198 197 366 
867 197 365 366 
868 199 198 366 
869 200 199 371 
870 199 366 371 
871 201 200 371 
872 202 201 361 
873 361 201 371 
874 203 202 370 
875 202 361 370 
876 204 203 370 
877 205 204 367 
878 367 204 370 
879 206 205 367 
880 207 206 364 
881 364 206 367 
882 208 207 372 
883 207 364 372 
884 209 208 372 
885 210 209 362 
886 362 209 372 
887 211 210 368 
888 210 362 368 
2 18 2 84
889 24 374 23 
890 23 375 24 
891 192 375 23 
892 23 374 211 
893 212 374 24 
894 24 375 231 
895 193 376 192 
896 231 375 192 
897 192 376 231 
898 194 380 193 
899 230 376 193 
900 193 380 230 
901 195 387 194 
902 229 380 194 
903 194 387 229 
904 196 388 195 
905 228 387 195 
906 195 388 228 
907 197 390 196 
908 227 388 196 
909 196 390 227 
910 198 393 197 
911 226 390 197 
912 197 393 226 
913 199 383 198 
914 198 383 225 
915 225 393 198 
916 200 384 199 
917 224 383 199 
918 199 384 224 
919 201 386 200 
920 223 384 200 
921 200 386 223 
922 202 378 201 
923 201 378 222 
924 222 386 201 
925 203 381 202 
926 221 378 202 
927 202 381 221 
928 204 385 203 
929 220 381 203 
930 203 385 220 
931 205 382 204 
932 204 382 219 
933 219 385 204 
934 206 394 205 
935 218 382 205 
936 205 394 218 
937 207 391 206 
938 206 391 217 
939 217 394 206 
940 208 389 207 
941 207 389 216 
942 216 391 207 
943 209 392 208 
944 215 389 208 
945 208 392 215 
946 210 379 209 
947 209 379 214 
948 214 392 209 
949 211 377 210 
950 210 377 213 
951 213 379 210 
952 211 374 212 
953 212 377 211 
954 213 377 212 
955 214 379 213 
956 215 392 214 
957 216 389 215 
958 217 391 216 
959 218 394 217 
960 219 382 218 
961 220 385 219 
962 221 381 220 
963 222 378 221 
964 223 386 222 
965 224 384 223 
966 225 383 224 
967 226 393 225 
968 227 390 226 
969 228 388 227 
970 229 387 228 
971 230 380 229 
972 231 376 230 
2 19 2 71
973 212 24 414 
974 24 231 414 
975 232 25 404 
976 25 240 403 
977 25 403 414 
978 404 25 414 
979 213 212 413 
980 212 403 413 
981 403 212 414 
982 214 213 413 
983 215 214 402 
984 402 214 413 
985 216 215 411 
986 215 402 411 
987 217 216 399 
988 399 216 411 
989 218 217 409 
990 217 399 409 
991 219 218 397 
992 397 218 409 
993 220 219 407 
994 219 397 407 
995 221 220 396 
996 396 220 407 
997 222 221 405 
998 221 396 405 
999 223 222 395 
1000 395 222 405 
1001 224 223 406 
1002 223 395 406 
1003 225 224 398 
1004 398 224 406 
1005 226 225 408 
1006 225 398 408 
1007 227 226 400 
1008 400 226 408 
1009 228 227 410 
1010 227 400 410 
1011 229 228 401 
1012 401 228 410 
1013 230 229 412 
1014 229 401 412 
1015 231 230 412 
1016 404 231 412 
1017 231 404 414 
1018 233 232 401 
1019 401 232 412 
1020 232 404 412 
1021 234 233 400 
1022 400 233 410 
1023 233 401 410 
1024 235 234 398 
1025 398 234 408 
1026 234 400 408 
1027 236 235 395 
1028 395 235 406 
1029 235 398 406 
1030 237 236 396 
1031 236 395 405 
1032 396 236 405 
1033 238 237 397 
1034 237 396 407 
1035 397 237 407 
1036 239 238 399 
1037 238 397 409 
1038 399 238 409 
1039 240 239 402 
1040 239 399 411 
1041 402 239 411 
1042 240 402 413 
1043 403 240 413 
2 20 2 27
1044 22 20 168 
1045 20 22 179 
1046 20 158 168 
1047 166 20 179 
1048 158 159 169 
1049 168 158 169 
1050 159 160 170 
1051 169 159 170 
1052 160 161 416 
1053 170 160 171 
1054 171 160 416 
1055 161 162 173 
1056 172 161 173 
1057 161 172 416 
1058 162 163 174 
1059 173 162 174 
1060 163 164 415 
1061 174 163 175 
1062 175 163 415 
1063 164 165 177 
1064 176 164 177 
1065 164 176 415 
1066 165 166 178 
1067 165 178 177 
1068 178 166 179 
1069 172 171 416 
1070 176 175 415 
2 21 2 21
1071 25 26 247 
1072 248 26 25 
1073 232 248 25 
1074 25 247 240 
1075 234 27 233 
1076 27 249 233 
1077 241 27 234 
1078 233 249 232 
1079 249 248 232 
1080 235 241 234 
1081 236 242 235 
1082 242 241 235 
1083 237 243 236 
1084 243 242 236 
1085 238 244 237 
1086 244 243 237 
1087 239 245 238 
1088 245 244 238 
1089 240 246 239 
1090 246 245 239 
1091 247 246 240 
2 22 2 22
1092 27 12 249 
1093 27 417 12 
1094 12 53 249 
1095 12 417 60 
1096 54 55 26 
1097 248 54 26 
1098 26 55 247 
1099 241 417 27 
1100 53 54 248 
1101 249 53 248 
1102 55 56 247 
1103 56 57 245 
1104 246 56 245 
1105 247 56 246 
1106 57 58 244 
1107 245 57 244 
1108 58 59 243 
1109 244 58 243 
1110 59 60 242 
1111 243 59 242 
1112 242 60 241 
1113 60 417 241 
2 23 2 80
1114 28 445 419 
1115 419 445 424 
1116 438 450 445 
1117 438 445 440 
1118 421 437 435 
1119 421 435 434 
1120 420 431 251 
1121 252 431 418 
1122 250 420 251 
1123 426 441 440 
1124 251 431 252 
1125 426 443 441 
1126 445 450 430 
1127 421 438 437 
1128 252 418 253 
1129 438 439 437 
1130 450 453 429 
1131 438 440 439 
1132 431 444 418 
1133 29 436 253 
1134 252 422 251 
1135 250 426 28 
1136 434 435 433 
1137 433 447 432 
1138 428 434 433 
1139 428 433 432 
1140 428 432 427 
1141 424 430 429 
1142 425 428 427 
1143 424 429 425 
1144 425 427 423 
1145 424 425 423 
1146 440 445 426 
1147 434 453 421 
1148 440 441 439 
1149 419 424 423 
1150 426 445 28 
1151 441 443 422 
1152 419 423 420 
1153 430 450 429 
1154 422 442 441 
1155 420 448 431 
1156 433 435 29 
1157 419 420 250 
1158 421 453 450 
1159 432 447 418 
1160 418 444 432 
1161 441 442 439 
1162 422 446 442 
1163 437 452 435 
1164 252 446 422 
1165 436 446 253 
1166 432 444 427 
1167 253 446 252 
1168 422 443 251 
1169 250 443 426 
1170 29 452 436 
1171 29 447 433 
1172 439 451 437 
1173 421 450 438 
1174 251 443 250 
1175 431 448 444 
1176 28 419 250 
1177 428 449 434 
1178 425 449 428 
1179 427 448 423 
1180 429 449 425 
1181 423 448 420 
1182 451 452 437 
1183 253 447 29 
1184 442 446 436 
1185 436 452 451 
1186 418 447 253 
1187 442 451 439 
1188 444 448 427 
1189 435 452 29 
1190 436 451 442 
1191 429 453 449 
1192 449 453 434 
1193 424 445 430 
3 1 4 1547
1194 236 237 396 174 
1195 78 68 262 67 
1196 235 236 395 173 
1197 261 67 66 77 
1198 488 527 267 73 
1199 516 493 59 242 
1200 397 237 415 175 
1201 68 259 79 263 
1202 260 66 76 264 
1203 235 398 416 172 
1204 517 340 463 456 
1205 190 487 504 362 
1206 65 74 64 266 
1207 238 399 409 176 
1208 275 265 69 80 
1209 408 234 171 400 
1210 274 65 266 75 
1211 6 541 329 43 
1212 346 3 162 540 
1213 330 494 156 454 
1214 37 164 165 455 
1215 398 234 416 171 
1216 65 260 75 264 
1217 238 397 415 176 
1218 259 69 80 263 
1219 167 162 3 540 
1220 329 494 491 43 
1221 236 243 237 458 
1222 460 458 165 238 
1223 540 161 455 41 
1224 491 526 338 465 
1225 457 516 461 455 
1226 90 458 152 460 
1227 163 164 36 455 
1228 160 161 41 455 
1229 395 236 405 173 
1230 271 67 261 77 
1231 396 236 174 405 
1232 271 67 78 262 
1233 340 463 456 32 
1234 527 73 276 267 
1235 455 516 461 235 
1236 458 516 236 493 
1237 494 526 491 465 
1238 163 162 455 540 
1239 494 526 331 454 
1240 91 90 152 460 
1241 160 461 455 457 
1242 331 526 494 465 
1243 457 516 455 458 
1244 514 479 533 212 
1245 160 455 40 457 
1246 462 455 460 457 
1247 165 458 460 455 
1248 8 494 531 541 
1249 4 39 463 456 
1250 460 38 165 455 
1251 330 494 454 491 
1252 152 458 454 460 
1253 159 160 40 457 
1254 458 236 516 455 
1255 196 227 485 471 
1256 36 164 37 455 
1257 165 38 37 455 
1258 160 41 40 455 
1259 65 458 457 459 
1260 90 151 152 458 
1261 40 463 39 456 
1262 457 516 60 461 
1263 159 39 158 457 
1264 196 485 227 390 
1265 155 464 149 330 
1266 456 540 41 518 
1267 102 532 103 285 
1268 86 155 156 459 
1269 336 337 147 454 
1270 155 464 330 454 
1271 25 462 20 460 
1272 336 339 337 454 
1273 3 346 36 540 
1274 456 540 518 36 
1275 151 454 152 458 
1276 178 504 487 402 
1277 458 459 460 457 
1278 39 462 158 457 
1279 459 531 87 458 
1280 454 146 336 526 
1281 460 38 455 4 
1282 155 454 156 459 
1283 332 156 6 531 
1284 459 531 458 454 
1285 459 12 53 457 
1286 103 532 122 285 
1287 40 39 455 456 
1288 369 514 368 23 
1289 494 328 465 8 
1290 4 39 33 463 
1291 462 455 457 39 
1292 255 518 42 456 
1293 148 464 154 454 
1294 37 455 38 456 
1295 533 479 514 368 
1296 155 464 454 154 
1297 457 458 455 460 
1298 36 455 37 456 
1299 467 76 323 137 
1300 470 79 140 325 
1301 468 175 187 407 
1302 469 172 406 184 
1303 151 494 8 328 
1304 543 513 17 310 
1305 330 494 491 329 
1306 516 60 461 242 
1307 4 455 39 456 
1308 64 65 10 459 
1309 165 458 164 238 
1310 544 43 491 465 
1311 38 455 4 456 
1312 155 464 154 149 
1313 40 34 39 463 
1314 42 542 495 1 
1315 89 151 90 458 
1316 331 494 454 151 
1317 43 44 6 541 
1318 156 155 330 454 
1319 68 69 49 458 
1320 310 113 543 515 
1321 257 37 38 456 
1322 531 87 458 88 
1323 485 390 226 227 
1324 17 543 310 113 
1325 400 471 170 182 
1326 372 474 411 364 
1327 518 36 540 3 
1328 237 164 238 415 
1329 331 494 151 328 
1330 467 76 137 272 
1331 468 175 407 397 
1332 469 172 184 354 
1333 79 470 80 325 
1334 255 517 35 256 
1335 160 235 416 161 
1336 66 67 47 458 
1337 256 41 255 456 
1338 170 471 400 410 
1339 177 189 360 411 
1340 156 541 329 6 
1341 13 63 61 459 
1342 495 542 492 344 
1343 63 64 62 459 
1344 510 371 200 475 
1345 91 152 153 460 
1346 36 37 257 456 
1347 456 540 36 455 
1348 103 511 532 271 
1349 495 518 42 3 
1350 152 454 153 460 
1351 255 517 256 456 
1352 54 462 53 248 
1353 532 511 103 122 
1354 459 462 457 53 
1355 42 542 456 495 
1356 546 42 1 542 
1357 156 541 6 531 
1358 47 516 458 59 
1359 15 459 13 460 
1360 237 164 415 163 
1361 234 235 416 160 
1362 493 59 243 458 
1363 174 503 405 483 
1364 510 173 405 483 
1365 484 77 138 320 
1366 484 78 320 139 
1367 42 518 495 456 
1368 408 497 522 366 
1369 39 34 33 463 
1370 307 467 137 272 
1371 175 468 176 397 
1372 469 172 171 398 
1373 308 140 470 273 
1374 407 496 204 367 
1375 53 462 249 248 
1376 100 498 125 288 
1377 105 499 293 120 
1378 255 517 456 466 
1379 340 463 32 343 
1380 73 64 276 267 
1381 233 401 169 410 
1382 402 239 178 411 
1383 70 82 277 268 
1384 373 471 196 365 
1385 128 472 97 500 
1386 473 117 108 501 
1387 372 207 474 364 
1388 61 462 459 53 
1389 61 462 53 54 
1390 116 507 473 109 
1391 504 487 530 362 
1392 309 132 512 534 
1393 473 507 116 314 
1394 148 154 19 454 
1395 63 15 84 459 
1396 19 153 147 454 
1397 42 518 167 3 
1398 249 462 53 457 
1399 512 309 131 132 
1400 249 462 232 248 
1401 233 462 249 457 
1402 204 476 407 370 
1403 255 466 42 2 
1404 330 494 329 156 
1405 120 536 272 477 
1406 478 125 535 273 
1407 42 518 5 167 
1408 6 541 44 531 
1409 57 58 49 458 
1410 191 479 352 179 
1411 530 487 504 402 
1412 467 75 136 323 
1413 469 171 183 408 
1414 468 176 409 188 
1415 470 80 325 141 
1416 19 459 15 460 
1417 68 262 79 78 
1418 369 363 509 193 
1419 79 262 68 273 
1420 86 85 155 459 
1421 63 15 459 13 
1422 508 487 530 413 
1423 481 351 168 180 
1424 413 487 530 402 
1425 263 100 498 273 
1426 272 499 264 105 
1427 468 496 397 407 
1428 469 497 406 398 
1429 308 127 126 524 
1430 95 505 130 519 
1431 79 262 326 78 
1432 475 510 184 406 
1433 407 175 187 359 
1434 79 140 326 273 
1435 76 137 272 324 
1436 172 355 406 184 
1437 164 458 165 455 
1438 533 479 520 212 
1439 67 68 48 458 
1440 226 522 408 225 
1441 509 363 528 193 
1442 540 161 41 345 
1443 107 525 301 106 
1444 499 467 307 272 
1445 510 405 173 395 
1446 468 175 358 187 
1447 469 172 398 406 
1448 498 470 273 308 
1449 483 174 186 356 
1450 326 262 79 273 
1451 326 262 139 78 
1452 153 146 454 331 
1453 64 86 459 85 
1454 458 460 459 454 
1455 102 502 262 271 
1456 490 509 528 412 
1457 103 511 290 122 
1458 201 510 361 371 
1459 153 152 331 454 
1460 154 454 155 459 
1461 139 262 326 273 
1462 539 201 202 378 
1463 532 122 123 302 
1464 8 531 494 151 
1465 532 123 122 285 
1466 95 130 505 294 
1467 235 395 172 173 
1468 237 164 163 458 
1469 151 331 152 454 
1470 531 89 458 151 
1471 368 508 210 520 
1472 172 395 235 406 
1473 19 84 15 459 
1474 19 454 154 459 
1475 92 334 15 460 
1476 61 462 54 460 
1477 454 459 19 460 
1478 156 494 541 531 
1479 156 494 329 541 
1480 80 321 141 275 
1481 353 409 176 188 
1482 274 315 136 75 
1483 171 348 183 408 
1484 148 149 154 464 
1485 338 43 465 545 
1486 541 8 44 531 
1487 454 147 146 153 
1488 503 221 396 405 
1489 102 502 532 123 
1490 511 103 261 271 
1491 189 177 399 411 
1492 170 471 349 182 
1493 64 86 85 74 
1494 163 458 164 455 
1495 172 395 355 173 
1496 541 494 329 43 
1497 23 521 369 514 
1498 143 505 303 313 
1499 481 231 412 404 
1500 508 357 413 179 
1501 279 83 322 144 
1502 350 412 168 180 
1503 72 133 278 317 
1504 368 533 23 514 
1505 534 17 16 513 
1506 531 89 151 333 
1507 189 409 188 364 
1508 135 274 315 136 
1509 142 275 141 321 
1510 182 408 365 183 
1511 466 255 42 456 
1512 87 88 67 458 
1513 489 537 268 505 
1514 179 479 22 403 
1515 187 367 407 370 
1516 308 311 140 273 
1517 272 137 307 312 
1518 537 505 143 313 
1519 178 504 402 411 
1520 473 507 276 109 
1521 510 201 200 371 
1522 490 509 412 180 
1523 278 482 133 72 
1524 481 168 22 404 
1525 119 106 525 499 
1526 70 71 51 460 
1527 472 142 305 313 
1528 355 395 172 406 
1529 331 494 328 465 
1530 91 153 92 460 
1531 173 483 174 405 
1532 173 174 483 356 
1533 510 173 483 185 
1534 537 505 277 268 
1535 88 332 6 531 
1536 145 328 465 331 
1537 174 405 503 396 
1538 483 173 356 185 
1539 273 478 262 101 
1540 368 508 362 210 
1541 540 5 167 162 
1542 262 478 273 311 
1543 77 484 78 320 
1544 484 78 139 262 
1545 514 22 414 481 
1546 482 14 18 318 
1547 514 22 481 21 
1548 480 14 319 18 
1549 518 36 3 254 
1550 254 518 456 495 
1551 36 518 456 254 
1552 138 261 324 77 
1553 84 19 154 459 
1554 136 467 307 274 
1555 469 171 408 398 
1556 468 176 188 358 
1557 32 4 33 463 
1558 141 308 470 275 
1559 254 492 495 456 
1560 153 454 19 460 
1561 81 472 277 537 
1562 138 272 137 324 
1563 370 503 187 186 
1564 122 290 121 511 
1565 540 5 518 167 
1566 370 361 202 503 
1567 139 273 326 140 
1568 324 261 138 272 
1569 106 264 499 105 
1570 99 100 498 263 
1571 469 497 398 408 
1572 468 496 407 367 
1573 528 490 412 401 
1574 520 479 533 368 
1575 187 503 370 407 
1576 187 503 359 186 
1577 66 87 67 458 
1578 279 480 270 83 
1579 324 261 76 77 
1580 102 262 502 101 
1581 503 220 396 221 
1582 223 222 386 510 
1583 103 261 104 511 
1584 539 483 503 361 
1585 226 197 485 522 
1586 76 261 324 272 
1587 76 261 66 77 
1588 269 63 13 72 
1589 25 168 232 404 
1590 254 492 456 257 
1591 359 503 187 407 
1592 278 482 72 269 
1593 481 231 404 414 
1594 528 490 506 363 
1595 66 261 76 272 
1596 479 212 414 403 
1597 534 16 17 282 
1598 58 243 59 458 
1599 506 490 528 401 
1600 367 204 407 370 
1601 125 311 308 273 
1602 120 272 307 312 
1603 503 174 396 359 
1604 254 492 257 30 
1605 506 490 181 363 
1606 520 479 508 212 
1607 93 480 280 270 
1608 510 173 185 355 
1609 503 174 359 186 
1610 359 396 175 174 
1611 175 396 359 407 
1612 175 396 237 174 
1613 108 107 501 298 
1614 42 518 255 5 
1615 98 97 500 296 
1616 237 396 175 407 
1617 540 161 345 162 
1618 334 153 19 460 
1619 508 479 520 368 
1620 516 493 458 59 
1621 198 522 366 197 
1622 205 523 206 367 
1623 524 127 126 300 
1624 119 301 118 525 
1625 492 542 495 456 
1626 334 19 15 460 
1627 142 81 265 321 
1628 399 177 189 353 
1629 135 266 74 315 
1630 182 170 400 348 
1631 508 357 179 191 
1632 515 488 133 304 
1633 512 489 303 144 
1634 412 350 490 180 
1635 306 473 135 266 
1636 135 473 306 314 
1637 305 308 141 275 
1638 188 364 409 367 
1639 136 307 306 274 
1640 365 366 183 408 
1641 362 508 530 210 
1642 273 535 478 101 
1643 536 104 272 477 
1644 475 223 406 224 
1645 481 22 414 404 
1646 508 357 487 413 
1647 482 18 280 310 
1648 262 478 502 101 
1649 465 526 338 145 
1650 507 134 304 314 
1651 169 506 401 490 
1652 396 503 359 407 
1653 24 521 514 414 
1654 6 44 88 531 
1655 473 74 276 527 
1656 479 22 21 352 
1657 527 507 473 314 
1658 276 507 267 109 
1659 371 475 184 366 
1660 480 280 18 309 
1661 105 272 499 536 
1662 125 273 498 535 
1663 481 514 521 414 
1664 219 204 538 496 
1665 527 473 135 314 
1666 475 184 510 371 
1667 473 74 266 276 
1668 507 134 314 527 
1669 190 504 372 362 
1670 184 475 469 366 
1671 373 506 182 181 
1672 309 280 18 310 
1673 471 506 182 373 
1674 542 517 466 456 
1675 368 211 520 210 
1676 283 512 131 132 
1677 266 501 274 306 
1678 98 127 524 300 
1679 265 500 275 98 
1680 469 475 184 406 
1681 469 475 497 366 
1682 525 118 107 301 
1683 542 517 456 340 
1684 55 11 54 460 
1685 275 500 265 305 
1686 505 268 519 95 
1687 306 118 117 501 
1688 267 110 109 507 
1689 189 409 364 399 
1690 135 274 136 306 
1691 142 275 321 265 
1692 182 408 183 348 
1693 284 515 113 114 
1694 193 369 192 509 
1695 515 111 112 278 
1696 509 230 193 528 
1697 508 213 377 212 
1698 93 279 94 512 
1699 169 506 490 181 
1700 527 73 134 316 
1701 537 82 327 143 
1702 414 521 481 231 
1703 275 500 524 98 
1704 492 32 38 31 
1705 492 32 456 38 
1706 340 30 31 492 
1707 530 508 213 210 
1708 309 17 513 310 
1709 459 12 457 10 
1710 96 277 97 472 
1711 488 527 73 134 
1712 109 276 473 108 
1713 504 411 372 474 
1714 499 467 272 264 
1715 408 497 398 225 
1716 498 470 308 275 
1717 409 496 367 523 
1718 527 507 276 473 
1719 279 480 83 144 
1720 182 506 349 181 
1721 403 508 212 413 
1722 349 471 170 410 
1723 508 179 413 403 
1724 178 504 190 487 
1725 514 22 21 479 
1726 481 521 509 231 
1727 349 506 169 181 
1728 482 112 280 269 
1729 481 412 180 168 
1730 169 506 349 410 
1731 527 507 267 276 
1732 497 475 469 406 
1733 509 521 481 369 
1734 85 154 155 459 
1735 504 208 372 209 
1736 194 506 195 373 
1737 115 507 116 295 
1738 129 130 294 505 
1739 491 43 7 329 
1740 71 92 15 460 
1741 254 492 30 495 
1742 142 275 265 305 
1743 182 408 348 400 
1744 189 409 399 353 
1745 135 274 306 266 
1746 515 488 304 529 
1747 479 508 191 368 
1748 510 185 361 371 
1749 139 273 140 311 
1750 491 150 330 329 
1751 524 500 275 305 
1752 92 153 334 460 
1753 543 16 513 280 
1754 24 521 414 231 
1755 489 537 82 268 
1756 514 374 24 212 
1757 124 292 123 502 
1758 503 202 370 203 
1759 524 500 127 98 
1760 510 201 386 200 
1761 257 254 36 456 
1762 299 128 129 472 
1763 195 471 196 373 
1764 473 116 297 117 
1765 474 207 372 208 
1766 499 467 264 274 
1767 492 340 30 344 
1768 469 171 172 354 
1769 175 176 468 358 
1770 498 470 275 263 
1771 492 542 340 344 
1772 71 15 13 460 
1773 508 357 191 487 
1774 150 335 7 491 
1775 43 7 544 491 
1776 77 78 484 271 
1777 406 223 510 395 
1778 502 478 262 311 
1779 127 500 524 305 
1780 213 508 530 413 
1781 191 508 362 368 
1782 67 89 458 88 
1783 178 487 190 357 
1784 489 82 143 322 
1785 169 490 401 412 
1786 488 73 317 134 
1787 529 110 111 278 
1788 528 230 229 412 
1789 379 214 213 530 
1790 95 94 279 519 
1791 482 112 269 278 
1792 481 22 168 351 
1793 93 480 270 279 
1794 179 22 479 352 
1795 72 14 482 318 
1796 14 83 480 319 
1797 58 59 48 458 
1798 107 501 266 108 
1799 274 501 266 107 
1800 505 489 143 303 
1801 505 489 519 268 
1802 530 209 214 504 
1803 508 487 191 362 
1804 71 13 52 460 
1805 410 170 349 169 
1806 539 510 201 222 
1807 539 221 405 222 
1808 98 524 275 99 
1809 107 525 106 274 
1810 203 503 476 370 
1811 177 178 411 360 
1812 82 81 537 327 
1813 74 73 527 316 
1814 309 303 512 131 
1815 139 273 311 262 
1816 138 272 261 312 
1817 133 515 304 310 
1818 43 491 465 494 
1819 512 303 519 131 
1820 512 489 144 279 
1821 469 171 354 183 
1822 468 176 397 409 
1823 370 204 476 203 
1824 291 120 121 477 
1825 125 124 478 289 
1826 199 200 371 475 
1827 75 467 76 323 
1828 455 236 163 458 
1829 470 80 141 275 
1830 274 501 525 306 
1831 228 471 227 388 
1832 503 539 361 202 
1833 241 417 461 27 
1834 17 281 543 113 
1835 369 521 23 192 
1836 150 491 7 329 
1837 533 23 211 368 
1838 17 534 282 132 
1839 341 466 35 2 
1840 67 89 88 78 
1841 84 154 85 459 
1842 53 62 258 459 
1843 133 515 482 278 
1844 67 271 78 77 
1845 236 174 405 173 
1846 84 85 64 459 
1847 220 538 219 385 
1848 273 100 535 101 
1849 105 104 272 536 
1850 476 503 203 220 
1851 279 83 82 322 
1852 546 1 42 157 
1853 304 133 134 488 
1854 357 190 191 487 
1855 357 178 413 179 
1856 350 181 490 180 
1857 489 143 303 144 
1858 185 483 186 356 
1859 138 302 484 139 
1860 205 204 496 367 
1861 497 198 366 199 
1862 125 498 126 288 
1863 120 119 499 293 
1864 135 274 266 315 
1865 189 409 353 188 
1866 519 489 505 303 
1867 169 490 412 350 
1868 178 487 357 413 
1869 519 489 279 268 
1870 461 417 241 60 
1871 182 408 400 365 
1872 142 275 305 141 
1873 135 527 314 134 
1874 313 537 142 143 
1875 512 489 519 303 
1876 500 128 305 127 
1877 254 30 1 495 
1878 169 506 410 401 
1879 135 316 527 134 
1880 63 84 64 459 
1881 79 80 470 263 
1882 466 517 35 255 
1883 75 76 467 264 
1884 21 351 481 180 
1885 482 515 133 310 
1886 482 515 112 278 
1887 479 352 21 191 
1888 310 482 18 133 
1889 480 18 144 309 
1890 138 272 312 137 
1891 278 488 529 267 
1892 363 509 180 369 
1893 187 468 188 358 
1894 183 184 354 469 
1895 137 467 307 136 
1896 311 502 139 262 
1897 470 140 308 141 
1898 517 34 35 256 
1899 71 83 15 92 
1900 177 178 239 411 
1901 82 70 277 81 
1902 170 410 233 169 
1903 73 64 74 276 
1904 145 336 146 526 
1905 232 20 158 168 
1906 475 406 223 510 
1907 378 221 539 222 
1908 159 169 170 233 
1909 64 73 74 85 
1910 238 165 239 177 
1911 70 81 82 91 
1912 178 165 177 239 
1913 171 170 348 400 
1914 81 80 265 321 
1915 75 74 266 315 
1916 176 177 399 353 
1917 232 20 168 25 
1918 64 86 74 65 
1919 158 233 169 159 
1920 83 82 92 71 
1921 158 168 169 232 
1922 481 22 351 21 
1923 479 22 403 414 
1924 399 409 176 353 
1925 266 315 274 75 
1926 72 482 14 269 
1927 480 14 18 280 
1928 80 265 321 275 
1929 400 348 171 408 
1930 162 173 174 236 
1931 78 77 88 67 
1932 64 86 65 459 
1933 476 503 407 370 
1934 65 74 75 86 
1935 67 89 78 68 
1936 179 240 20 166 
1937 74 527 73 276 
1938 489 537 505 143 
1939 139 502 311 302 
1940 158 233 232 169 
1941 63 15 13 72 
1942 139 502 484 262 
1943 491 335 7 338 
1944 417 457 461 27 
1945 196 197 365 485 
1946 486 207 206 364 
1947 296 128 500 127 
1948 501 118 117 298 
1949 68 78 79 89 
1950 163 174 175 237 
1951 77 76 87 66 
1952 161 172 173 235 
1953 161 236 173 162 
1954 77 67 87 88 
1955 63 15 72 84 
1956 73 64 84 85 
1957 240 165 178 239 
1958 166 178 179 240 
1959 73 63 72 84 
1960 529 115 304 114 
1961 193 363 528 194 
1962 519 131 303 130 
1963 209 530 379 210 
1964 489 82 322 279 
1965 178 487 413 402 
1966 240 165 239 460 
1967 63 73 64 84 
1968 236 161 173 235 
1969 77 67 66 87 
1970 67 89 68 458 
1971 328 465 9 145 
1972 74 65 75 266 
1973 492 30 31 257 
1974 145 526 146 331 
1975 528 230 380 229 
1976 172 416 235 161 
1977 66 260 76 87 
1978 415 237 163 175 
1979 259 68 79 89 
1980 69 259 80 90 
1981 415 164 238 176 
1982 260 65 75 86 
1983 416 234 160 171 
1984 279 270 71 83 
1985 410 233 400 170 
1986 242 243 493 59 
1987 403 25 414 22 
1988 232 233 401 169 
1989 412 404 232 168 
1990 238 409 397 176 
1991 399 239 411 177 
1992 397 407 237 175 
1993 280 13 270 14 
1994 268 71 70 82 
1995 277 70 265 81 
1996 63 73 267 64 
1997 269 278 63 72 
1998 76 75 260 264 
1999 65 260 264 66 
2000 80 79 259 263 
2001 465 8 9 43 
2002 403 413 240 179 
2003 68 259 263 69 
2004 69 275 80 263 
2005 1 3 495 42 
2006 273 263 68 79 
2007 176 175 397 415 
2008 66 264 272 76 
2009 274 264 65 75 
2010 398 235 406 172 
2011 234 398 408 171 
2012 172 171 398 416 
2013 25 414 22 404 
2014 398 235 416 234 
2015 240 402 239 178 
2016 241 242 461 60 
2017 237 238 397 415 
2018 13 280 269 14 
2019 276 266 64 74 
2020 244 243 458 237 
2021 458 243 244 58 
2022 244 57 458 58 
2023 177 238 176 399 
2024 177 238 399 239 
2025 238 165 177 164 
2026 177 238 164 176 
2027 417 457 27 12 
2028 417 457 12 60 
2029 490 509 180 363 
2030 465 526 145 331 
2031 456 32 4 38 
2032 456 4 32 463 
2033 515 488 278 133 
2034 460 38 4 166 
2035 240 165 460 166 
2036 240 165 166 178 
2037 484 502 139 302 
2038 484 502 271 262 
2039 484 532 502 302 
2040 528 363 506 194 
2041 529 488 507 267 
2042 194 229 528 380 
2043 193 528 380 194 
2044 506 363 373 194 
2045 369 514 21 368 
2046 400 485 408 226 
2047 408 485 400 365 
2048 408 485 522 226 
2049 522 485 408 365 
2050 528 230 193 380 
2051 180 509 481 369 
2052 407 503 476 220 
2053 81 70 90 91 
2054 460 20 240 166 
2055 456 40 41 455 
2056 456 41 40 256 
2057 163 458 236 237 
2058 455 163 236 162 
2059 236 174 163 237 
2060 163 174 236 162 
2061 458 69 460 90 
2062 507 488 529 304 
2063 257 492 38 31 
2064 257 38 492 456 
2065 492 32 31 340 
2066 492 32 340 456 
2067 454 148 147 19 
2068 454 147 148 337 
2069 65 458 459 87 
2070 68 90 458 89 
2071 68 90 89 259 
2072 68 90 259 69 
2073 68 90 69 458 
2074 457 233 158 159 
2075 488 527 134 507 
2076 237 164 458 238 
2077 198 225 497 522 
2078 366 198 497 522 
2079 106 119 525 301 
2080 499 119 106 293 
2081 205 218 523 496 
2082 367 205 523 496 
2083 99 126 498 288 
2084 99 524 126 300 
2085 460 90 70 91 
2086 481 514 369 521 
2087 481 509 180 412 
2088 23 24 521 514 
2089 24 514 23 374 
2090 101 124 502 292 
2091 101 478 124 289 
2092 502 478 124 101 
2093 220 407 538 476 
2094 223 200 510 386 
2095 223 475 510 200 
2096 204 538 407 476 
2097 121 477 104 291 
2098 472 142 313 537 
2099 81 472 537 142 
2100 81 472 142 265 
2101 81 472 265 277 
2102 411 189 364 399 
2103 411 364 189 372 
2104 523 486 409 217 
2105 473 74 527 135 
2106 473 74 135 266 
2107 409 486 523 364 
2108 182 471 373 365 
2109 182 471 365 400 
2110 91 460 71 70 
2111 71 460 91 92 
2112 71 82 91 70 
2113 91 82 71 92 
2114 216 207 474 389 
2115 417 457 60 461 
2116 134 488 507 304 
2117 401 506 410 228 
2118 473 108 117 297 
2119 501 117 108 298 
2120 204 407 538 496 
2121 220 407 219 538 
2122 128 97 472 299 
2123 128 500 97 296 
2124 530 214 213 413 
2125 115 110 529 507 
2126 471 196 227 388 
2127 506 181 373 363 
2128 490 181 363 180 
2129 410 506 471 228 
2130 204 219 538 385 
2131 407 219 538 496 
2132 100 125 498 535 
2133 94 131 519 287 
2134 95 94 519 287 
2135 111 529 114 286 
2136 120 105 499 536 
2137 272 120 499 536 
2138 192 231 509 521 
2139 369 192 509 521 
2140 132 93 534 282 
2141 132 512 93 283 
2142 211 212 533 520 
2143 368 211 533 520 
2144 208 215 504 474 
2145 372 208 504 474 
2146 129 96 505 294 
2147 472 96 129 299 
2148 349 471 506 182 
2149 471 506 195 228 
2150 109 116 507 295 
2151 109 473 116 297 
2152 113 112 515 284 
2153 543 112 113 281 
2154 178 504 360 190 
2155 490 509 363 528 
2156 145 338 336 526 
2157 484 532 302 511 
2158 473 266 108 276 
2159 7 338 43 544 
2160 265 472 97 277 
2161 409 486 399 217 
2162 302 511 532 122 
2163 509 193 230 376 
2164 94 131 512 519 
2165 279 94 512 519 
2166 213 210 508 377 
2167 213 530 210 379 
2168 529 115 114 286 
2169 110 267 529 507 
2170 360 504 178 411 
2171 130 95 519 287 
2172 195 506 471 373 
2173 95 505 96 294 
2174 399 486 409 364 
2175 396 503 407 220 
2176 229 401 506 528 
2177 214 504 215 402 
2178 530 214 209 379 
2179 209 214 504 392 
2180 222 201 539 378 
2181 222 510 201 386 
2182 495 542 344 1 
2183 499 274 525 307 
2184 202 221 539 378 
2185 124 478 502 311 
2186 102 123 532 285 
2187 102 502 123 292 
2188 25 240 460 20 
2189 217 523 218 409 
2190 206 217 486 523 
2191 364 206 486 523 
2192 98 524 99 300 
2193 500 127 98 296 
2194 489 82 279 268 
2195 371 475 366 199 
2196 197 365 485 522 
2197 322 143 489 144 
2198 42 456 542 466 
2199 118 501 107 298 
2200 489 537 143 82 
2201 61 460 13 459 
2202 61 462 460 459 
2203 61 460 54 11 
2204 61 460 11 13 
2205 460 11 52 55 
2206 460 52 11 13 
2207 399 486 411 216 
2208 234 27 457 233 
2209 411 486 399 364 
2210 25 247 460 240 
2211 56 247 460 55 
2212 52 56 460 55 
2213 459 10 457 65 
2214 52 51 460 56 
2215 52 460 51 71 
2216 246 239 460 240 
2217 460 247 246 240 
2218 246 247 460 56 
2219 233 462 457 158 
2220 21 514 479 368 
2221 47 516 59 60 
2222 462 26 460 25 
2223 54 460 26 55 
2224 247 460 26 25 
2225 247 26 460 55 
2226 22 168 25 404 
2227 22 25 168 20 
2228 72 14 13 269 
2229 72 13 14 15 
2230 14 83 13 270 
2231 14 13 83 15 
2232 71 13 83 270 
2233 71 83 13 15 
2234 240 179 25 403 
2235 240 25 179 20 
2236 22 25 179 403 
2237 22 179 25 20 
2238 413 178 240 179 
2239 413 240 178 402 
2240 279 82 71 268 
2241 279 71 82 83 
2242 169 490 350 181 
2243 169 350 412 168 
2244 169 232 412 401 
2245 412 232 169 168 
2246 278 317 73 72 
2247 488 527 507 267 
2248 73 63 278 72 
2249 278 63 73 267 
2250 62 61 459 53 
2251 62 459 61 63 
2252 360 504 189 190 
2253 366 475 497 199 
2254 233 462 158 232 
2255 231 509 481 412 
2256 497 475 224 199 
2257 62 10 459 64 
2258 62 459 10 258 
2259 48 47 458 59 
2260 48 458 47 67 
2261 49 48 458 58 
2262 49 458 48 68 
2263 411 486 474 216 
2264 474 486 411 364 
2265 238 244 458 237 
2266 81 69 70 265 
2267 81 69 265 80 
2268 81 69 80 90 
2269 81 69 90 70 
2270 462 455 39 4 
2271 39 462 4 347 
2272 40 457 39 159 
2273 39 457 40 455 
2274 460 165 239 238 
2275 457 249 12 53 
2276 457 27 249 233 
2277 322 489 279 144 
2278 474 486 207 216 
2279 457 27 12 249 
2280 460 69 70 90 
2281 170 233 160 159 
2282 457 233 160 234 
2283 457 160 233 159 
2284 267 529 278 110 
2285 110 115 529 286 
2286 95 519 279 268 
2287 286 110 111 529 
2288 401 528 229 412 
2289 189 504 360 411 
2290 530 402 504 214 
2291 224 475 497 406 
2292 271 511 484 261 
2293 484 532 271 502 
2294 409 496 218 397 
2295 488 73 267 278 
2296 484 511 138 261 
2297 138 511 484 302 
2298 121 477 511 104 
2299 488 133 134 317 
2300 514 22 479 414 
2301 10 46 457 65 
2302 459 12 10 258 
2303 459 12 258 53 
2304 50 70 460 69 
2305 50 57 460 56 
2306 458 57 50 49 
2307 50 57 458 460 
2308 50 69 458 49 
2309 458 69 50 460 
2310 57 245 460 56 
2311 170 234 400 171 
2312 170 234 171 160 
2313 170 234 160 233 
2314 170 234 233 400 
2315 51 50 460 56 
2316 51 460 50 70 
2317 246 245 460 239 
2318 246 460 245 56 
2319 65 458 87 66 
2320 260 65 87 66 
2321 260 87 65 86 
2322 156 459 87 86 
2323 459 531 454 156 
2324 65 87 459 86 
2325 65 458 66 457 
2326 460 458 245 57 
2327 244 458 245 238 
2328 244 245 458 57 
2329 46 12 457 60 
2330 457 12 46 10 
2331 46 66 457 65 
2332 212 514 479 414 
2333 39 462 347 158 
2334 189 504 372 190 
2335 138 511 312 261 
2336 459 462 460 457 
2337 372 504 189 411 
2338 238 460 458 245 
2339 238 460 245 239 
2340 16 534 513 280 
2341 160 461 457 234 
2342 235 455 161 160 
2343 516 60 242 59 
2344 60 516 46 47 
2345 235 461 234 241 
2346 160 461 234 235 
2347 241 242 235 461 
2348 488 73 278 317 
2349 207 486 474 364 
2350 203 220 503 381 
2351 113 112 543 515 
2352 162 5 345 540 
2353 25 232 462 248 
2354 233 462 232 249 
2355 232 20 25 462 
2356 312 511 138 302 
2357 463 256 517 456 
2358 40 256 463 456 
2359 517 463 34 256 
2360 40 34 463 256 
2361 515 310 113 114 
2362 506 401 229 228 
2363 148 337 464 454 
2364 148 149 464 337 
2365 194 229 506 528 
2366 133 488 278 317 
2367 370 503 186 361 
2368 328 8 9 465 
2369 381 202 503 203 
2370 463 342 33 343 
2371 32 463 33 343 
2372 340 463 343 342 
2373 197 522 366 365 
2374 408 497 225 522 
2375 454 146 526 331 
2376 336 147 146 454 
2377 466 517 341 35 
2378 517 341 35 342 
2379 186 503 483 361 
2380 546 42 542 466 
2381 35 466 255 2 
2382 467 76 272 264 
2383 503 174 186 483 
2384 467 75 264 274 
2385 467 75 274 136 
2386 137 323 467 136 
2387 187 407 367 468 
2388 468 496 367 409 
2389 367 409 188 468 
2390 468 496 409 397 
2391 187 367 188 468 
2392 93 512 480 279 
2393 469 497 408 366 
2394 366 469 183 408 
2395 280 534 513 309 
2396 183 184 469 366 
2397 470 79 263 273 
2398 470 79 273 140 
2399 470 80 275 263 
2400 480 512 144 279 
2401 325 140 470 141 
2402 522 366 365 408 
2403 391 486 217 216 
2404 367 523 206 364 
2405 195 388 196 471 
2406 195 471 228 388 
2407 313 472 128 305 
2408 505 277 268 96 
2409 472 128 129 313 
2410 505 277 96 472 
2411 472 537 313 505 
2412 472 142 265 305 
2413 117 473 314 306 
2414 507 304 529 115 
2415 314 116 473 117 
2416 410 471 400 227 
2417 539 483 361 510 
2418 545 338 9 465 
2419 474 216 389 215 
2420 506 471 349 410 
2421 474 216 215 411 
2422 389 207 474 208 
2423 208 215 474 389 
2424 475 224 199 384 
2425 223 475 200 384 
2426 199 200 475 384 
2427 223 475 384 224 
2428 204 385 538 476 
2429 220 538 385 476 
2430 476 204 385 203 
2431 203 476 220 385 
2432 120 477 272 312 
2433 511 477 121 312 
2434 477 120 121 312 
2435 511 477 261 104 
2436 311 125 478 273 
2437 261 477 511 312 
2438 125 124 311 478 
2439 261 477 272 104 
2440 508 179 403 479 
2441 508 179 479 191 
2442 46 516 60 457 
2443 479 212 403 508 
2444 368 479 21 191 
2445 319 144 83 480 
2446 14 480 83 270 
2447 480 14 280 270 
2448 144 512 480 309 
2449 319 18 144 480 
2450 481 412 168 404 
2451 280 534 480 93 
2452 481 514 21 369 
2453 512 489 279 519 
2454 21 481 369 180 
2455 133 482 318 72 
2456 303 512 144 309 
2457 482 14 269 280 
2458 482 14 280 18 
2459 482 318 18 133 
2460 483 510 185 361 
2461 510 173 355 395 
2462 539 483 510 405 
2463 454 531 151 494 
2464 185 361 186 483 
2465 484 77 271 261 
2466 484 78 262 271 
2467 484 77 261 138 
2468 151 531 333 8 
2469 138 484 320 139 
2470 400 227 485 226 
2471 400 471 485 227 
2472 531 89 88 458 
2473 217 399 216 486 
2474 485 471 400 365 
2475 333 531 88 8 
2476 508 487 362 530 
2477 355 510 395 406 
2478 487 190 191 362 
2479 355 510 184 185 
2480 531 87 332 156 
2481 531 89 333 88 
2482 160 461 235 455 
2483 27 461 241 234 
2484 234 457 27 461 
2485 516 236 493 242 
2486 236 455 162 161 
2487 236 493 243 458 
2488 236 455 235 516 
2489 516 236 242 235 
2490 242 243 236 493 
2491 26 462 54 248 
2492 126 308 524 498 
2493 347 462 20 158 
2494 232 20 462 158 
2495 26 462 248 25 
2496 54 26 460 462 
2497 409 496 523 218 
2498 523 367 409 364 
2499 82 537 81 277 
2500 463 34 33 342 
2501 537 327 81 142 
2502 184 510 355 406 
2503 495 30 1 344 
2504 454 531 494 156 
2505 254 518 495 3 
2506 480 534 280 309 
2507 537 327 142 143 
2508 537 82 268 277 
2509 1 3 254 495 
2510 494 491 526 454 
2511 149 337 335 464 
2512 338 465 43 544 
2513 530 402 214 413 
2514 496 219 204 382 
2515 209 530 210 362 
2516 382 219 218 496 
2517 205 204 382 496 
2518 205 218 496 382 
2519 497 224 383 199 
2520 495 492 30 344 
2521 497 224 225 383 
2522 383 198 497 199 
2523 198 497 225 383 
2524 125 308 498 273 
2525 498 470 263 273 
2526 498 275 308 524 
2527 125 308 126 498 
2528 99 126 524 498 
2529 120 307 272 499 
2530 499 467 274 307 
2531 499 274 264 106 
2532 120 119 307 499 
2533 307 119 525 499 
2534 472 500 128 305 
2535 184 510 371 185 
2536 209 530 362 504 
2537 265 500 472 305 
2538 117 501 473 306 
2539 120 105 536 291 
2540 265 500 98 97 
2541 501 266 473 306 
2542 462 4 347 20 
2543 462 4 20 460 
2544 302 502 123 532 
2545 302 123 502 311 
2546 503 221 202 381 
2547 503 220 221 381 
2548 272 477 261 312 
2549 105 104 536 291 
2550 462 455 4 460 
2551 196 471 485 365 
2552 214 504 392 215 
2553 392 208 504 209 
2554 504 215 208 392 
2555 505 268 95 96 
2556 303 505 519 130 
2557 129 130 505 313 
2558 129 313 505 472 
2559 472 537 505 277 
2560 387 506 194 229 
2561 149 464 150 330 
2562 387 506 229 228 
2563 194 387 195 506 
2564 195 228 506 387 
2565 480 534 512 93 
2566 314 115 304 507 
2567 150 464 149 335 
2568 115 314 116 507 
2569 150 464 491 330 
2570 310 515 304 114 
2571 4 460 166 20 
2572 413 213 508 212 
2573 512 534 480 309 
2574 460 38 166 165 
2575 509 230 528 412 
2576 193 509 192 376 
2577 192 509 231 376 
2578 46 516 66 47 
2579 119 525 118 307 
2580 405 510 222 395 
2581 291 104 536 477 
2582 223 222 510 395 
2583 120 291 536 477 
2584 100 125 535 289 
2585 535 100 289 101 
2586 290 511 104 121 
2587 103 511 104 290 
2588 340 542 492 456 
2589 509 230 231 376 
2590 93 512 94 283 
2591 94 512 131 283 
2592 16 17 543 513 
2593 543 16 280 112 
2594 543 16 112 281 
2595 16 543 17 281 
2596 304 515 529 114 
2597 515 543 482 112 
2598 24 521 231 375 
2599 515 488 529 278 
2600 503 539 221 405 
2601 221 539 503 202 
2602 284 111 112 515 
2603 111 114 515 284 
2604 338 339 491 335 
2605 491 526 339 338 
2606 465 338 9 145 
2607 523 218 205 394 
2608 491 464 150 335 
2609 228 410 227 471 
2610 535 289 478 101 
2611 478 125 289 535 
2612 525 501 274 107 
2613 196 197 485 390 
2614 491 339 464 335 
2615 464 339 491 454 
2616 485 197 226 390 
2617 464 339 337 335 
2618 391 207 206 486 
2619 391 486 216 207 
2620 509 230 412 231 
2621 217 206 486 391 
2622 337 339 464 454 
2623 482 543 515 310 
2624 541 8 494 43 
2625 459 531 156 87 
2626 465 494 8 43 
2627 162 540 163 346 
2628 491 464 454 330 
2629 339 526 491 454 
2630 504 411 474 215 
2631 96 129 505 472 
2632 236 235 455 161 
2633 482 543 280 112 
2634 339 526 336 338 
2635 336 526 339 454 
2636 242 235 461 516 
2637 517 340 341 342 
2638 542 517 340 341 
2639 342 34 35 517 
2640 517 340 342 463 
2641 342 463 34 517 
2642 525 501 118 306 
2643 124 502 123 311 
2644 118 501 525 107 
2645 102 502 292 101 
2646 108 501 266 473 
2647 109 108 473 297 
2648 539 510 222 405 
2649 163 540 36 346 
2650 97 500 472 265 
2651 96 97 299 472 
2652 122 121 312 511 
2653 132 93 512 534 
2654 456 540 455 41 
2655 66 516 458 47 
2656 529 515 111 114 
2657 518 540 167 3 
2658 540 161 162 455 
2659 303 505 130 313 
2660 454 531 458 151 
2661 519 131 130 287 
2662 280 543 482 310 
2663 36 540 163 455 
2664 255 518 41 5 
2665 340 542 341 344 
2666 122 511 312 302 
2667 17 309 534 132 
2668 341 42 157 546 
2669 309 513 17 534 
2670 539 483 405 503 
2671 533 212 211 374 
2672 539 510 361 201 
2673 541 8 43 44 
2674 374 23 211 533 
2675 372 504 209 362 
2676 514 212 533 374 
2677 504 411 215 402 
2678 520 508 210 377 
2679 520 212 508 377 
2680 520 211 377 210 
2681 211 212 520 377 
2682 23 521 24 375 
2683 513 543 280 310 
2684 521 375 23 192 
2685 192 231 521 375 
2686 111 515 529 278 
2687 66 516 46 457 
2688 414 514 24 212 
2689 533 374 23 514 
2690 484 532 511 271 
2691 16 534 280 93 
2692 309 513 280 310 
2693 16 534 93 282 
2694 102 532 271 103 
2695 41 540 345 5 
2696 316 527 74 135 
2697 507 110 109 295 
2698 115 507 295 110 
2699 498 275 99 263 
2700 102 502 271 532 
2701 531 87 88 332 
2702 458 516 66 457 
2703 41 518 255 456 
2704 41 540 5 518 
2705 542 517 341 466 
2706 525 307 274 306 
2707 398 497 406 224 
2708 497 398 225 224 
2709 499 274 106 525 
2710 307 525 118 306 
2711 219 407 397 496 
2712 219 397 218 496 
2713 498 275 524 99 
2714 273 100 498 535 
2715 100 99 498 288 
2716 524 308 305 275 
2717 524 308 127 305 
2718 361 539 201 202 
2719 106 105 499 293 
2720 531 8 44 88 
2721 198 393 522 197 
2722 197 522 226 393 
2723 226 522 225 393 
2724 198 225 522 393 
2725 205 394 206 523 
2726 523 206 217 394 
2727 217 523 394 218 
2728 7 43 338 45 
2729 43 545 9 465 
2730 43 338 45 9 
2731 43 338 9 545 
2732 544 7 338 491 
2733 338 544 491 465 
2734 341 42 546 466 
2735 344 542 341 1 
2736 341 42 2 157 
2737 341 42 466 2 
2738 341 546 1 542 
2739 341 1 546 157 
2740 341 546 542 466 
$EndElements
